fecha_inicio,categoria_delito,nombre_sec,evaluacion
2024-02-21,Robo a negocio con violencia,HORMIGA,primera
2024-04-09,Robo a negocio con violencia,CLAVERIA,segunda
2024-03-29,Homicidio doloso,HORMIGA,primera
2024-05-16,Robo a repartidor con y sin violencia,CLAVERIA,segunda
2024-05-06,Robo a negocio con violencia,CLAVERIA,segunda
2024-04-26,Homicidio doloso,HORMIGA,segunda
2024-05-05,Robo a negocio con violencia,HORMIGA,segunda
2024-01-26,Robo a negocio con violencia,HORMIGA,primera
2024-01-10,Robo a negocio con violencia,CLAVERIA,primera
2024-02-13,Lesiones dolosas por disparo de arma de fuego,CLAVERIA,primera
2024-03-30,Robo a repartidor con y sin violencia,CUITLAHUAC,primera
2024-01-12,Robo a negocio con violencia,CLAVERIA,primera
2024-05-30,Lesiones dolosas por disparo de arma de fuego,HORMIGA,segunda
2024-02-08,Robo a negocio con violencia,CLAVERIA,primera
2024-03-12,Robo a cuentahabiente saliendo del cajero con violencia,CLAVERIA,primera
2024-06-05,Homicidio doloso,CUITLAHUAC,segunda
2024-03-05,Robo a negocio con violencia,HORMIGA,primera
2024-02-09,Robo a negocio con violencia,CLAVERIA,primera
2024-04-27,Robo a negocio con violencia,CLAVERIA,segunda
2024-01-25,Robo a negocio con violencia,CLAVERIA,primera
2024-05-07,Robo a cuentahabiente saliendo del cajero con violencia,CLAVERIA,segunda
2024-04-23,Robo a negocio con violencia,HORMIGA,segunda
2024-03-15,Robo a negocio con violencia,CLAVERIA,primera
2024-03-16,Homicidio doloso,HORMIGA,primera
2024-03-01,Robo a pasajero a bordo de microbús con y sin violencia,HORMIGA,primera
2024-03-28,Robo a repartidor con y sin violencia,CLAVERIA,primera
2024-04-19,Homicidio doloso,CLAVERIA,segunda
2024-01-01,Homicidio doloso,CLAVERIA,primera
2024-04-25,Robo a repartidor con y sin violencia,CLAVERIA,segunda
2024-06-29,Robo a negocio con violencia,CLAVERIA,segunda
2024-04-12,Robo a repartidor con y sin violencia,CLAVERIA,segunda
2024-01-27,Robo a negocio con violencia,CUITLAHUAC,primera
2024-06-11,Robo a repartidor con y sin violencia,CUITLAHUAC,segunda
2024-03-26,Robo a repartidor con y sin violencia,CLAVERIA,primera
2024-02-22,Robo a repartidor con y sin violencia,LA RAZA,primera
2024-04-05,Robo a negocio con violencia,COYOACAN,segunda
2024-01-20,Robo a repartidor con y sin violencia,CULHUACAN,primera
2024-06-22,Robo a casa habitación con violencia,CULHUACAN,segunda
2024-06-30,Robo a negocio con violencia,TAXQUEÑA,segunda
2024-05-06,Robo a cuentahabiente saliendo del cajero con violencia,UNIVERSIDAD,segunda
2024-04-04,Robo a negocio con violencia,CULHUACAN,segunda
2024-01-29,Robo a negocio con violencia,UNIVERSIDAD,primera
2024-05-21,Robo a pasajero a bordo de microbús con y sin violencia,UNIVERSIDAD,segunda
2024-04-12,Robo a pasajero a bordo de microbús con y sin violencia,UNIVERSIDAD,segunda
2024-04-09,Robo a negocio con violencia,CULHUACAN,segunda
2024-02-21,Robo a negocio con violencia,CULHUACAN,primera
2024-02-19,Robo a negocio con violencia,TAXQUEÑA,primera
2024-02-22,Robo a cuentahabiente saliendo del cajero con violencia,COYOACAN,primera
2024-02-21,Robo a negocio con violencia,CULHUACAN,primera
2024-01-19,Robo a negocio con violencia,COYOACAN,primera
2024-04-18,Robo a pasajero a bordo de microbús con y sin violencia,UNIVERSIDAD,segunda
2024-05-06,Robo a cuentahabiente saliendo del cajero con violencia,UNIVERSIDAD,segunda
2024-04-14,Robo a negocio con violencia,COYOACAN,segunda
2024-03-01,Robo a negocio con violencia,TAXQUEÑA,primera
2024-05-07,Robo a pasajero a bordo de microbús con y sin violencia,UNIVERSIDAD,segunda
2024-06-19,Robo a negocio con violencia,UNIVERSIDAD,segunda
2024-05-16,Robo a pasajero a bordo de microbús con y sin violencia,UNIVERSIDAD,segunda
2024-05-03,Robo a repartidor con y sin violencia,TAXQUEÑA,segunda
2024-06-24,Robo a negocio con violencia,UNIVERSIDAD,segunda
2024-06-28,Robo a negocio con violencia,TAXQUEÑA,segunda
2024-02-20,Robo a cuentahabiente saliendo del cajero con violencia,COYOACAN,primera
2024-06-12,Homicidio doloso,UNIVERSIDAD,segunda
2024-03-11,Robo a negocio con violencia,TAXQUEÑA,primera
2024-02-10,Robo a cuentahabiente saliendo del cajero con violencia,CULHUACAN,primera
2024-05-22,Homicidio doloso,CULHUACAN,segunda
2024-04-27,Robo a pasajero a bordo de taxi con violencia,XOTEPINGO,segunda
2024-03-05,Homicidio doloso,XOTEPINGO,primera
2024-05-15,Lesiones dolosas por disparo de arma de fuego,XOTEPINGO,segunda
2024-05-14,Robo a repartidor con y sin violencia,CULHUACAN,segunda
2024-06-16,Robo a negocio con violencia,XOTEPINGO,segunda
2024-01-27,Robo a negocio con violencia,XOTEPINGO,primera
2024-06-18,Robo a negocio con violencia,COYOACAN,segunda
2024-05-18,Robo a negocio con violencia,CULHUACAN,segunda
2024-06-21,Robo a negocio con violencia,COYOACAN,segunda
2024-02-25,Robo a negocio con violencia,XOTEPINGO,primera
2024-04-02,Robo a negocio con violencia,UNIVERSIDAD,segunda
2024-02-03,Lesiones dolosas por disparo de arma de fuego,CULHUACAN,primera
2024-01-15,Robo a negocio con violencia,TAXQUEÑA,primera
2024-06-03,Robo a repartidor con y sin violencia,CUAJIMALPA,segunda
2024-04-15,Robo a negocio con violencia,UNIVERSIDAD,segunda
2024-06-11,Robo a pasajero a bordo de microbús con y sin violencia,UNIVERSIDAD,segunda
2024-05-24,Robo a pasajero a bordo de microbús con y sin violencia,UNIVERSIDAD,segunda
2024-05-16,Robo a cuentahabiente saliendo del cajero con violencia,UNIVERSIDAD,segunda
2024-01-14,Robo a cuentahabiente saliendo del cajero con violencia,CULHUACAN,primera
2024-03-08,Robo a negocio con violencia,EL YAQUI,primera
2024-03-01,Robo a negocio con violencia,TICOMAN,primera
2024-02-23,Robo a negocio con violencia,QUIROGA,primera
2024-02-15,Robo a pasajero a bordo de microbús con y sin violencia,TEPEYAC,primera
2024-05-18,Robo a repartidor con y sin violencia,ARAGON,segunda
2024-04-26,Robo a negocio con violencia,ARAGON,segunda
2024-06-21,Robo a negocio con violencia,ARAGON,segunda
2024-03-17,Homicidio doloso,CUAUTEPEC,primera
2024-01-21,Robo a cuentahabiente saliendo del cajero con violencia,PRADERA,primera
2024-03-28,Robo a transportista con y sin violencia,TEPEYAC,primera
2024-04-27,Lesiones dolosas por disparo de arma de fuego,CUCHILLA,segunda
2024-05-01,Robo a negocio con violencia,CUCHILLA,segunda
2024-06-04,Robo a cuentahabiente saliendo del cajero con violencia,CUCHILLA,segunda
2024-01-31,Homicidio doloso,LINDAVISTA,primera
2024-05-01,Lesiones dolosas por disparo de arma de fuego,ARAGON,segunda
2024-03-05,Robo a pasajero a bordo de taxi con violencia,CUAUTEPEC,primera
2024-02-19,Robo a negocio con violencia,CUAUTEPEC,primera
2024-06-16,Homicidio doloso,TEPEYAC,segunda
2024-02-13,Homicidio doloso,QUIROGA,primera
2024-04-26,Homicidio doloso,PRADERA,segunda
2024-01-18,Robo a negocio con violencia,PRADERA,primera
2024-05-29,Robo a negocio con violencia,LINDAVISTA,segunda
2024-06-14,Robo a negocio con violencia,LINDAVISTA,segunda
2024-01-11,Homicidio doloso,LINDAVISTA,primera
2024-02-09,Robo a cuentahabiente saliendo del cajero con violencia,QUIROGA,primera
2024-03-19,Robo a repartidor con y sin violencia,ARAGON,primera
2024-05-03,Robo a negocio con violencia,PRADERA,segunda
2024-06-07,Robo a repartidor con y sin violencia,ARAGON,segunda
2024-06-05,Lesiones dolosas por disparo de arma de fuego,CUCHILLA,segunda
2024-04-26,Robo a negocio con violencia,CUCHILLA,segunda
2024-01-09,Robo a negocio con violencia,LINDAVISTA,primera
2024-02-18,Robo a negocio con violencia,LINDAVISTA,primera
2024-03-01,Homicidio doloso,TICOMAN,primera
2024-06-07,Lesiones dolosas por disparo de arma de fuego,CUCHILLA,segunda
2024-01-08,Robo a negocio con violencia,TICOMAN,primera
2024-02-14,Robo a negocio con violencia,TICOMAN,primera
2024-06-21,Robo a negocio con violencia,PRADERA,segunda
2024-01-05,Robo a repartidor con y sin violencia,CUCHILLA,primera
2024-02-05,Robo a negocio con violencia,QUIROGA,primera
2024-04-04,Lesiones dolosas por disparo de arma de fuego,QUIROGA,segunda
2024-05-15,Robo a negocio con violencia,QUIROGA,segunda
2024-04-19,Homicidio doloso,QUIROGA,segunda
2024-02-03,Homicidio doloso,QUIROGA,primera
2024-04-25,Robo a cuentahabiente saliendo del cajero con violencia,CUCHILLA,segunda
2024-04-16,Robo a negocio con violencia,CUCHILLA,segunda
2024-02-25,Robo a pasajero a bordo de taxi con violencia,TEPEYAC,primera
2024-01-29,Robo a negocio con violencia,CUCHILLA,primera
2024-04-08,Robo a negocio con violencia,LINDAVISTA,segunda
2024-03-01,Robo a negocio con violencia,PRADERA,primera
2024-02-23,Robo a negocio con violencia,LINDAVISTA,primera
2024-02-16,Lesiones dolosas por disparo de arma de fuego,PRADERA,primera
2024-03-26,Robo a negocio con violencia,LINDAVISTA,primera
2024-03-14,Homicidio doloso,PRADERA,primera
2024-04-07,Homicidio doloso,PRADERA,segunda
2024-01-26,Homicidio doloso,PRADERA,primera
2024-01-27,Robo a casa habitación con violencia,TEPEYAC,primera
2024-06-27,Homicidio doloso,TICOMAN,segunda
2024-02-27,Robo a pasajero a bordo de microbús con y sin violencia,PRADERA,primera
2024-01-01,Robo a negocio con violencia,PRADERA,primera
2024-06-25,Robo a negocio con violencia,LINDAVISTA,segunda
2024-02-09,Robo a cuentahabiente saliendo del cajero con violencia,PRADERA,primera
2024-05-17,Robo a pasajero a bordo de microbús con y sin violencia,PRADERA,segunda
2024-06-08,Homicidio doloso,ARAGON,segunda
2024-04-20,Robo a casa habitación con violencia,PRADERA,segunda
2024-01-18,Robo a negocio con violencia,QUIROGA,primera
2024-06-14,Robo a negocio con violencia,PRADERA,segunda
2024-01-28,Robo a negocio con violencia,ARAGON,primera
2024-01-18,Robo a negocio con violencia,TLACOTAL,primera
2024-02-07,Robo a negocio con violencia,TLACOTAL,primera
2024-06-18,Robo a repartidor con y sin violencia,TICOMAN,segunda
2024-04-06,Robo a pasajero a bordo de taxi con violencia,ARAGON,segunda
2024-06-17,Robo a pasajero a bordo de taxi con violencia,TEPEYAC,segunda
2024-04-04,Robo a cuentahabiente saliendo del cajero con violencia,TEPEYAC,segunda
2024-04-30,Robo a repartidor con y sin violencia,TLACOTAL,segunda
2024-03-15,Robo a repartidor con y sin violencia,TLACOTAL,primera
2024-03-01,Robo a repartidor con y sin violencia,IZTACCIHUATL,primera
2024-05-24,Homicidio doloso,ARAGON,segunda
2024-02-09,Homicidio doloso,TLACOTAL,primera
2024-06-01,Robo a negocio con violencia,PANTITLAN,segunda
2024-05-24,Robo a repartidor con y sin violencia,PANTITLAN,segunda
2024-01-02,Robo a negocio con violencia,PANTITLAN,primera
2024-05-02,Robo a pasajero a bordo de microbús con y sin violencia,PANTITLAN,segunda
2024-01-23,Robo a negocio con violencia,PANTITLAN,primera
2024-03-26,Robo a transportista con y sin violencia,PANTITLAN,primera
2024-06-27,Robo a repartidor con y sin violencia,PANTITLAN,segunda
2024-01-11,Robo a negocio con violencia,TLACOTAL,primera
2024-02-22,Lesiones dolosas por disparo de arma de fuego,IZTACCIHUATL,primera
2024-05-11,Homicidio doloso,IZTACCIHUATL,segunda
2024-06-11,Robo a repartidor con y sin violencia,PANTITLAN,segunda
2024-06-04,Robo a pasajero a bordo de microbús con y sin violencia,IZTACCIHUATL,segunda
2024-06-26,Robo a pasajero a bordo de microbús con y sin violencia,TLACOTAL,segunda
2024-05-13,Robo a pasajero a bordo de microbús con y sin violencia,PANTITLAN,segunda
2024-01-08,Robo a pasajero a bordo de taxi con violencia,PANTITLAN,primera
2024-05-30,Robo a repartidor con y sin violencia,IZTACCIHUATL,segunda
2024-03-14,Robo a negocio con violencia,IZTACCIHUATL,primera
2024-02-10,Robo a negocio con violencia,IZTACCIHUATL,primera
2024-03-07,Robo a pasajero a bordo de microbús con y sin violencia,PANTITLAN,primera
2024-02-16,Robo a negocio con violencia,NATIVITAS,primera
2024-02-04,Robo a negocio con violencia,CHURUBUSCO,primera
2024-06-10,Robo a repartidor con y sin violencia,OASIS,segunda
2024-02-09,Robo a cuentahabiente saliendo del cajero con violencia,GRANJAS,primera
2024-04-11,Robo a negocio con violencia,CHURUBUSCO,segunda
2024-05-16,Robo a negocio con violencia,QUETZAL,segunda
2024-04-09,Robo a pasajero a bordo de microbús con y sin violencia,PANTITLAN,segunda
2024-01-25,Robo a negocio con violencia,TLACOTAL,primera
2024-05-23,Robo a repartidor con y sin violencia,OASIS,segunda
2024-05-27,Robo a repartidor con y sin violencia,CHURUBUSCO,segunda
2024-03-03,Robo a repartidor con y sin violencia,CHURUBUSCO,primera
2024-04-12,Robo a pasajero a bordo de microbús con y sin violencia,CHURUBUSCO,segunda
2024-03-25,Robo a negocio con violencia,CHURUBUSCO,primera
2024-06-25,Lesiones dolosas por disparo de arma de fuego,ZAPOTITLA,segunda
2024-06-09,Lesiones dolosas por disparo de arma de fuego,OASIS,segunda
2024-06-07,Robo a negocio con violencia,ABASTO-REFORMA,segunda
2024-01-18,Robo a repartidor con y sin violencia,OASIS,primera
2024-06-12,Robo a pasajero a bordo de taxi con violencia,OASIS,segunda
2024-03-25,Robo a casa habitación con violencia,TEZONCO,primera
2024-06-22,Robo a repartidor con y sin violencia,TEZONCO,segunda
2024-03-08,Robo a negocio con violencia,TEZONCO,primera
2024-05-01,Robo a negocio con violencia,TEZONCO,segunda
2024-03-24,Homicidio doloso,CHURUBUSCO,primera
2024-04-13,Robo a repartidor con y sin violencia,PANTITLAN,segunda
2024-05-10,Robo a repartidor con y sin violencia,PANTITLAN,segunda
2024-05-24,Robo a repartidor con y sin violencia,PANTITLAN,segunda
2024-05-22,Robo a casa habitación con violencia,TLACOTAL,segunda
2024-01-08,Robo a pasajero a bordo de microbús con y sin violencia,TEZONCO,primera
2024-06-11,Robo a negocio con violencia,CHURUBUSCO,segunda
2024-02-20,Robo a negocio con violencia,TLACOTAL,primera
2024-01-05,Robo a negocio con violencia,TLACOTAL,primera
2024-06-25,Homicidio doloso,OASIS,segunda
2024-01-13,Robo a repartidor con y sin violencia,OASIS,primera
2024-01-29,Robo a negocio con violencia,CHURUBUSCO,primera
2024-05-13,Robo a negocio con violencia,QUETZAL,segunda
2024-06-26,Robo a repartidor con y sin violencia,QUETZAL,segunda
2024-04-14,Homicidio doloso,ESTRELLA,segunda
2024-05-23,Robo a pasajero a bordo de microbús con y sin violencia,ESTRELLA,segunda
2024-06-27,Robo a repartidor con y sin violencia,ESTRELLA,segunda
2024-01-03,Robo a negocio con violencia,OASIS,primera
2024-02-29,Robo a repartidor con y sin violencia,OASIS,primera
2024-01-26,Homicidio doloso,OASIS,primera
2024-03-08,Lesiones dolosas por disparo de arma de fuego,OASIS,primera
2024-02-26,Robo a pasajero a bordo de microbús con y sin violencia,ESTRELLA,primera
2024-04-10,Robo a pasajero a bordo de microbús con y sin violencia,ESTRELLA,segunda
2024-05-05,Robo a negocio con violencia,CHURUBUSCO,segunda
2024-01-23,Robo a casa habitación con violencia,SANTA CRUZ,primera
2024-03-12,Robo a pasajero a bordo de microbús con y sin violencia,ESTRELLA,primera
2024-03-01,Robo a repartidor con y sin violencia,QUETZAL,primera
2024-01-03,Robo a repartidor con y sin violencia,OASIS,primera
2024-02-01,Robo a negocio con violencia,ABASTO-REFORMA,primera
2024-03-22,Robo a repartidor con y sin violencia,ABASTO-REFORMA,primera
2024-01-04,Robo a negocio con violencia,CHURUBUSCO,primera
2024-01-17,Homicidio doloso,ESTRELLA,primera
2024-01-08,Robo a pasajero a bordo de microbús con y sin violencia,GRANJAS,primera
2024-03-28,Robo a pasajero a bordo de taxi con violencia,GRANJAS,primera
2024-03-26,Robo a pasajero a bordo de microbús con y sin violencia,TEZONCO,primera
2024-03-09,Robo a casa habitación con violencia,GRANJAS,primera
2024-01-05,Robo a cuentahabiente saliendo del cajero con violencia,TEZONCO,primera
2024-03-10,Homicidio doloso,SANTA CRUZ,primera
2024-04-16,Robo a negocio con violencia,OASIS,segunda
2024-01-24,Robo a negocio con violencia,OASIS,primera
2024-06-14,Lesiones dolosas por disparo de arma de fuego,GRANJAS,segunda
2024-02-10,Robo a negocio con violencia,GRANJAS,primera
2024-06-03,Robo a negocio con violencia,QUETZAL,segunda
2024-05-09,Homicidio doloso,ABASTO-REFORMA,segunda
2024-04-02,Homicidio doloso,QUETZAL,segunda
2024-04-30,Robo a repartidor con y sin violencia,ABASTO-REFORMA,segunda
2024-02-12,Robo a pasajero a bordo de microbús con y sin violencia,GRANJAS,primera
2024-05-01,Homicidio doloso,GRANJAS,segunda
2024-05-07,Robo a negocio con violencia,TEZONCO,segunda
2024-05-04,Robo a negocio con violencia,TEZONCO,segunda
2024-05-27,Robo a negocio con violencia,TEZONCO,segunda
2024-02-13,Robo a negocio con violencia,TEZONCO,primera
2024-03-04,Robo a repartidor con y sin violencia,CHURUBUSCO,primera
2024-05-05,Robo a casa habitación con violencia,ABASTO-REFORMA,segunda
2024-04-18,Robo a negocio con violencia,ABASTO-REFORMA,segunda
2024-05-30,Robo a negocio con violencia,ABASTO-REFORMA,segunda
2024-03-02,Robo a negocio con violencia,GRANJAS,primera
2024-01-21,Robo a negocio con violencia,ABASTO-REFORMA,primera
2024-04-30,Robo a repartidor con y sin violencia,OASIS,segunda
2024-02-24,Robo a negocio con violencia,TEOTONGO,primera
2024-02-10,Robo a pasajero a bordo de microbús con y sin violencia,GRANJAS,primera
2024-04-11,Robo a repartidor con y sin violencia,GRANJAS,segunda
2024-03-12,Lesiones dolosas por disparo de arma de fuego,SANTA CRUZ,primera
2024-05-03,Robo a negocio con violencia,ABASTO-REFORMA,segunda
2024-02-20,Lesiones dolosas por disparo de arma de fuego,GRANJAS,primera
2024-06-16,Homicidio doloso,ABASTO-REFORMA,segunda
2024-06-19,Robo a pasajero a bordo de microbús con y sin violencia,OASIS,segunda
2024-04-18,Robo a negocio con violencia,TEOTONGO,segunda
2024-01-07,Robo a negocio con violencia,ABASTO-REFORMA,primera
2024-04-27,Homicidio doloso,OASIS,segunda
2024-03-04,Robo a negocio con violencia,ABASTO-REFORMA,primera
2024-05-13,Robo a negocio con violencia,ABASTO-REFORMA,segunda
2024-05-24,Lesiones dolosas por disparo de arma de fuego,ABASTO-REFORMA,segunda
2024-03-03,Homicidio doloso,SANTA CRUZ,primera
2024-06-04,Robo a casa habitación con violencia,SANTA CRUZ,segunda
2024-02-22,Robo a negocio con violencia,CHURUBUSCO,primera
2024-06-23,Robo a pasajero a bordo de microbús con y sin violencia,ESTRELLA,segunda
2024-03-19,Robo a repartidor con y sin violencia,TEZONCO,primera
2024-03-21,Lesiones dolosas por disparo de arma de fuego,TEZONCO,primera
2024-05-10,Robo a negocio con violencia,TEZONCO,segunda
2024-06-11,Robo a repartidor con y sin violencia,TEZONCO,segunda
2024-02-07,Robo a negocio con violencia,ABASTO-REFORMA,primera
2024-01-14,Robo a repartidor con y sin violencia,TEZONCO,primera
2024-03-06,Robo a pasajero a bordo de microbús con y sin violencia,ABASTO-REFORMA,primera
2024-03-01,Robo a pasajero a bordo de taxi con violencia,TEZONCO,primera
2024-03-22,Homicidio doloso,TEZONCO,primera
2024-05-31,Robo a negocio con violencia,TEZONCO,segunda
2024-06-15,Homicidio doloso,TEZONCO,segunda
2024-01-30,Robo a negocio con violencia,ABASTO-REFORMA,primera
2024-03-27,Robo a negocio con violencia,ABASTO-REFORMA,primera
2024-01-10,Robo a repartidor con y sin violencia,QUETZAL,primera
2024-01-13,Homicidio doloso,QUETZAL,primera
2024-05-20,Homicidio doloso,QUETZAL,segunda
2024-03-05,Robo a negocio con violencia,QUETZAL,primera
2024-05-10,Robo a negocio con violencia,QUETZAL,segunda
2024-03-17,Robo a negocio con violencia,TEZONCO,primera
2024-01-13,Lesiones dolosas por disparo de arma de fuego,TEZONCO,primera
2024-01-15,Robo a repartidor con y sin violencia,OASIS,primera
2024-05-30,Robo a repartidor con y sin violencia,OASIS,segunda
2024-06-04,Robo a negocio con violencia,TEZONCO,segunda
2024-04-18,Homicidio doloso,ABASTO-REFORMA,segunda
2024-02-23,Homicidio doloso,QUETZAL,primera
2024-06-03,Lesiones dolosas por disparo de arma de fuego,QUETZAL,segunda
2024-03-01,Robo a repartidor con y sin violencia,QUETZAL,primera
2024-05-04,Robo a negocio con violencia,QUETZAL,segunda
2024-03-08,Homicidio doloso,TEZONCO,primera
2024-05-05,Homicidio doloso,TEZONCO,segunda
2024-01-02,Robo a negocio con violencia,QUETZAL,primera
2024-03-11,Robo a repartidor con y sin violencia,OASIS,primera
2024-03-06,Robo a cuentahabiente saliendo del cajero con violencia,OASIS,primera
2024-03-16,Robo a repartidor con y sin violencia,ABASTO-REFORMA,primera
2024-04-15,Robo a repartidor con y sin violencia,TEZONCO,segunda
2024-02-04,Lesiones dolosas por disparo de arma de fuego,ESTRELLA,primera
2024-01-04,Robo a negocio con violencia,ESTRELLA,primera
2024-03-25,Robo a negocio con violencia,SANTA CRUZ,primera
2024-04-05,Lesiones dolosas por disparo de arma de fuego,SANTA CRUZ,segunda
2024-01-17,Homicidio doloso,OASIS,primera
2024-01-04,Lesiones dolosas por disparo de arma de fuego,QUETZAL,primera
2024-01-02,Robo a pasajero a bordo de taxi con violencia,QUETZAL,primera
2024-02-22,Robo a casa habitación con violencia,QUETZAL,primera
2024-05-10,Robo a negocio con violencia,QUETZAL,segunda
2024-02-24,Robo a repartidor con y sin violencia,OASIS,primera
2024-04-28,Homicidio doloso,OASIS,segunda
2024-02-22,Homicidio doloso,OASIS,primera
2024-03-18,Homicidio doloso,OASIS,primera
2024-06-26,Robo a casa habitación con violencia,OASIS,segunda
2024-01-06,Robo a repartidor con y sin violencia,OASIS,primera
2024-06-09,Homicidio doloso,OASIS,segunda
2024-03-07,Robo a repartidor con y sin violencia,OASIS,primera
2024-06-27,Robo a pasajero a bordo de microbús con y sin violencia,TEZONCO,segunda
2024-06-28,Robo a repartidor con y sin violencia,OASIS,segunda
2024-06-11,Robo a negocio con violencia,OASIS,segunda
2024-05-24,Robo a cuentahabiente saliendo del cajero con violencia,OASIS,segunda
2024-01-01,Homicidio doloso,ABASTO-REFORMA,primera
2024-01-08,Robo a negocio con violencia,ABASTO-REFORMA,primera
2024-03-13,Robo a pasajero a bordo de microbús con y sin violencia,ESTRELLA,primera
2024-03-01,Homicidio doloso,ESTRELLA,primera
2024-06-16,Lesiones dolosas por disparo de arma de fuego,TEOTONGO,segunda
2024-03-30,Robo a pasajero a bordo de microbús con y sin violencia,QUETZAL,primera
2024-06-23,Robo a negocio con violencia,SANTA CRUZ,segunda
2024-02-27,Robo a negocio con violencia,OASIS,primera
2024-01-30,Robo a negocio con violencia,OASIS,primera
2024-01-17,Robo a pasajero a bordo de microbús con y sin violencia,TEOTONGO,primera
2024-05-10,Robo a negocio con violencia,OASIS,segunda
2024-02-28,Robo a pasajero a bordo de microbús con y sin violencia,OASIS,primera
2024-05-08,Homicidio doloso,OASIS,segunda
2024-03-18,Robo a casa habitación con violencia,GRANJAS,primera
2024-01-18,Robo a pasajero a bordo de microbús con y sin violencia,QUETZAL,primera
2024-02-29,Robo a negocio con violencia,MILPA ALTA,primera
2024-05-04,Lesiones dolosas por disparo de arma de fuego,MILPA ALTA,segunda
2024-02-18,Homicidio doloso,SAN JERONIMO,primera
2024-06-03,Lesiones dolosas por disparo de arma de fuego,PLATEROS,segunda
2024-02-14,Robo a negocio con violencia,PLATEROS,primera
2024-06-24,Robo a pasajero a bordo de microbús con y sin violencia,PLATEROS,segunda
2024-05-13,Robo a negocio con violencia,SAN ANGEL,segunda
2024-03-04,Robo a repartidor con y sin violencia,PLATEROS,primera
2024-05-01,Robo a negocio con violencia,PLATEROS,segunda
2024-01-15,Robo a negocio con violencia,PLATEROS,primera
2024-02-09,Homicidio doloso,QUETZAL,primera
2024-02-22,Robo a negocio con violencia,SAN JERONIMO,primera
2024-04-23,Lesiones dolosas por disparo de arma de fuego,MILPA ALTA,segunda
2024-04-07,Homicidio doloso,PLATEROS,segunda
2024-03-10,Homicidio doloso,PLATEROS,primera
2024-06-21,Robo a negocio con violencia,SAN ANGEL,segunda
2024-03-15,Robo a pasajero a bordo de microbús con y sin violencia,PLATEROS,primera
2024-06-06,Robo a negocio con violencia,PLATEROS,segunda
2024-03-10,Homicidio doloso,SANTA FE,primera
2024-05-05,Robo a repartidor con y sin violencia,SANTA FE,segunda
2024-02-16,Robo a pasajero a bordo de microbús con y sin violencia,MIXQUIC,primera
2024-04-24,Robo a repartidor con y sin violencia,ZAPOTITLA,segunda
2024-03-19,Homicidio doloso,ZAPOTITLA,primera
2024-05-20,Robo a pasajero a bordo de taxi con violencia,ZAPOTITLA,segunda
2024-01-10,Robo a pasajero a bordo de taxi con violencia,ZAPOTITLA,primera
2024-05-31,Lesiones dolosas por disparo de arma de fuego,ZAPOTITLA,segunda
2024-04-04,Homicidio doloso,ZAPOTITLA,segunda
2024-04-20,Robo a repartidor con y sin violencia,PLATEROS,segunda
2024-04-11,Robo a negocio con violencia,ZAPOTITLA,segunda
2024-04-18,Robo a repartidor con y sin violencia,PLATEROS,segunda
2024-06-04,Robo a repartidor con y sin violencia,PLATEROS,segunda
2024-05-05,Homicidio doloso,MIXQUIC,segunda
2024-04-05,Robo a repartidor con y sin violencia,ZAPOTITLA,segunda
2024-04-28,Homicidio doloso,ZAPOTITLA,segunda
2024-02-06,Homicidio doloso,ZAPOTITLA,primera
2024-01-13,Homicidio doloso,MIXQUIC,primera
2024-06-30,Robo a pasajero a bordo de microbús con y sin violencia,MIXQUIC,segunda
2024-02-07,Homicidio doloso,ZAPOTITLA,primera
2024-03-31,Robo a pasajero a bordo de taxi con violencia,COAPA,primera
2024-03-08,Robo a negocio con violencia,PADIERNA,primera
2024-06-01,Robo a negocio con violencia,PADIERNA,segunda
2024-01-12,Robo a negocio con violencia,PADIERNA,primera
2024-06-10,Robo a negocio con violencia,PADIERNA,segunda
2024-01-30,Robo a negocio con violencia,PADIERNA,primera
2024-02-26,Robo a negocio con violencia,PADIERNA,primera
2024-05-24,Robo a negocio con violencia,PADIERNA,segunda
2024-02-10,Robo a repartidor con y sin violencia,PADIERNA,primera
2024-02-27,Robo a negocio con violencia,COAPA,primera
2024-03-12,Robo a cuentahabiente saliendo del cajero con violencia,COAPA,primera
2024-01-30,Robo a negocio con violencia,HUIPULCO-HOSPITALES,primera
2024-03-04,Robo a negocio con violencia,COAPA,primera
2024-01-10,Robo a negocio con violencia,HUIPULCO-HOSPITALES,primera
2024-05-20,Robo a negocio con violencia,COAPA,segunda
2024-01-07,Robo a negocio con violencia,PADIERNA,primera
2024-06-12,Lesiones dolosas por disparo de arma de fuego,HUIPULCO-HOSPITALES,segunda
2024-02-12,Robo a negocio con violencia,HUIPULCO-HOSPITALES,primera
2024-06-04,Robo a negocio con violencia,LA NORIA,segunda
2024-04-05,Lesiones dolosas por disparo de arma de fuego,TEPEPAN,segunda
2024-02-07,Robo a pasajero a bordo de microbús con y sin violencia,LA NORIA,primera
2024-05-26,Robo a negocio con violencia,LA NORIA,segunda
2024-01-26,Robo a pasajero a bordo de microbús con y sin violencia,LA NORIA,primera
2024-01-24,Robo a negocio con violencia,FUENTE,primera
2024-05-02,Robo a pasajero a bordo de microbús con y sin violencia,COAPA,segunda
2024-01-22,Robo a cuentahabiente saliendo del cajero con violencia,HUIPULCO-HOSPITALES,primera
2024-02-07,Robo a negocio con violencia,PADIERNA,primera
2024-02-11,Robo a pasajero a bordo de microbús con y sin violencia,COAPA,primera
2024-04-10,Robo a negocio con violencia,PADIERNA,segunda
2024-06-29,Homicidio doloso,TOPILEJO,segunda
2024-03-15,Robo a negocio con violencia,NATIVITAS,primera
2024-03-12,Robo a negocio con violencia,NATIVITAS,primera
2024-01-26,Robo a negocio con violencia,PADIERNA,primera
2024-02-26,Robo a negocio con violencia,COAPA,primera
2024-02-13,Robo a negocio con violencia,PADIERNA,primera
2024-06-24,Robo a negocio con violencia,NATIVITAS,segunda
2024-02-06,Robo a repartidor con y sin violencia,DEL VALLE,primera
2024-04-23,Robo a repartidor con y sin violencia,DEL VALLE,segunda
2024-02-28,Robo a negocio con violencia,DEL VALLE,primera
2024-02-26,Robo a negocio con violencia,NARVARTE-ALAMOS,primera
2024-05-22,Robo a pasajero a bordo de microbús con y sin violencia,NARVARTE-ALAMOS,segunda
2024-03-08,Robo a negocio con violencia,NATIVITAS,primera
2024-06-17,Robo a negocio con violencia,NATIVITAS,segunda
2024-06-24,Robo a negocio con violencia,NATIVITAS,segunda
2024-03-28,Robo a negocio con violencia,NATIVITAS,primera
2024-01-29,Robo a negocio con violencia,NATIVITAS,primera
2024-04-10,Robo a casa habitación con violencia,DEL VALLE,segunda
2024-03-26,Robo a negocio con violencia,NATIVITAS,primera
2024-01-03,Homicidio doloso,NAPOLES,primera
2024-02-11,Robo a negocio con violencia,NATIVITAS,primera
2024-04-15,Robo a repartidor con y sin violencia,NAPOLES,segunda
2024-04-15,Robo a pasajero a bordo de microbús con y sin violencia,NAPOLES,segunda
2024-02-14,Robo a negocio con violencia,NAPOLES,primera
2024-06-22,Robo a negocio con violencia,NAPOLES,segunda
2024-01-16,Robo a negocio con violencia,NAPOLES,primera
2024-06-20,Robo a casa habitación con violencia,PORTALES,segunda
2024-04-08,Robo a negocio con violencia,PORTALES,segunda
2024-05-02,Homicidio doloso,NARVARTE-ALAMOS,segunda
2024-06-01,Robo a repartidor con y sin violencia,DEL VALLE,segunda
2024-05-10,Robo a negocio con violencia,DEL VALLE,segunda
2024-01-09,Robo a negocio con violencia,NARVARTE-ALAMOS,primera
2024-05-14,Robo a negocio con violencia,NARVARTE-ALAMOS,segunda
2024-02-21,Robo a negocio con violencia,NARVARTE-ALAMOS,primera
2024-02-28,Robo a negocio con violencia,DEL VALLE,primera
2024-04-18,Robo a negocio con violencia,DEL VALLE,segunda
2024-05-18,Lesiones dolosas por disparo de arma de fuego,PORTALES,segunda
2024-03-08,Robo a negocio con violencia,PORTALES,primera
2024-05-31,Robo a repartidor con y sin violencia,PORTALES,segunda
2024-04-05,Robo a negocio con violencia,PORTALES,segunda
2024-01-17,Homicidio doloso,PORTALES,primera
2024-02-12,Robo a negocio con violencia,ASTURIAS,primera
2024-05-18,Lesiones dolosas por disparo de arma de fuego,ASTURIAS,segunda
2024-02-23,Robo a casa habitación con violencia,TLATELOLCO,primera
2024-04-16,Homicidio doloso,TLATELOLCO,segunda
2024-06-05,Robo a negocio con violencia,TLATELOLCO,segunda
2024-03-29,Robo a negocio con violencia,ANGEL,primera
2024-01-07,Robo a pasajero a bordo de taxi con violencia,ANGEL,primera
2024-05-01,Homicidio doloso,TLATELOLCO,segunda
2024-05-06,Lesiones dolosas por disparo de arma de fuego,CENTRO,segunda
2024-01-07,Robo a negocio con violencia,ANGEL,primera
2024-05-14,Robo a negocio con violencia,ASTURIAS,segunda
2024-06-03,Homicidio doloso,ASTURIAS,segunda
2024-02-19,Robo a pasajero a bordo de microbús con y sin violencia,BUENAVISTA,primera
2024-01-05,Robo a negocio con violencia,BUENAVISTA,primera
2024-06-27,Homicidio doloso,CENTRO,segunda
2024-05-04,Homicidio doloso,ALAMEDA,segunda
2024-06-26,Robo a negocio con violencia,ANGEL,segunda
2024-01-03,Robo a repartidor con y sin violencia,BUENAVISTA,primera
2024-04-20,Homicidio doloso,BUENAVISTA,segunda
2024-04-18,Robo a repartidor con y sin violencia,CENTRO,segunda
2024-04-02,Lesiones dolosas por disparo de arma de fuego,CENTRO,segunda
2024-05-25,Lesiones dolosas por disparo de arma de fuego,CENTRO,segunda
2024-01-19,Robo a pasajero a bordo de taxi con violencia,CENTRO,primera
2024-01-15,Lesiones dolosas por disparo de arma de fuego,CENTRO,primera
2024-01-10,Homicidio doloso,CENTRO,primera
2024-06-18,Robo a pasajero a bordo de taxi con violencia,ALAMEDA,segunda
2024-06-10,Robo a negocio con violencia,ALAMEDA,segunda
2024-06-29,Lesiones dolosas por disparo de arma de fuego,CENTRO,segunda
2024-05-30,Robo a repartidor con y sin violencia,CENTRO,segunda
2024-01-10,Lesiones dolosas por disparo de arma de fuego,ALAMEDA,primera
2024-04-25,Robo a negocio con violencia,ASTURIAS,segunda
2024-05-27,Robo a repartidor con y sin violencia,CENTRO,segunda
2024-06-26,Robo a casa habitación con violencia,ASTURIAS,segunda
2024-06-22,Homicidio doloso,ASTURIAS,segunda
2024-05-30,Homicidio doloso,ASTURIAS,segunda
2024-04-07,Lesiones dolosas por disparo de arma de fuego,ALAMEDA,segunda
2024-06-28,Robo a negocio con violencia,ALAMEDA,segunda
2024-03-21,Homicidio doloso,BUENAVISTA,primera
2024-04-28,Robo a negocio con violencia,BUENAVISTA,segunda
2024-02-19,Homicidio doloso,CENTRO,primera
2024-03-17,Lesiones dolosas por disparo de arma de fuego,ASTURIAS,primera
2024-03-15,Robo a pasajero a bordo de taxi con violencia,BUENAVISTA,primera
2024-04-25,Lesiones dolosas por disparo de arma de fuego,BUENAVISTA,segunda
2024-04-22,Homicidio doloso,BUENAVISTA,segunda
2024-01-08,Robo a negocio con violencia,BUENAVISTA,primera
2024-05-27,Lesiones dolosas por disparo de arma de fuego,BUENAVISTA,segunda
2024-02-23,Homicidio doloso,MORELOS,primera
2024-06-22,Homicidio doloso,MORELOS,segunda
2024-06-24,Robo a repartidor con y sin violencia,MORELOS,segunda
2024-05-24,Homicidio doloso,MORELOS,segunda
2024-06-19,Robo a pasajero a bordo de microbús con y sin violencia,MORELOS,segunda
2024-06-18,Robo a negocio con violencia,ASTURIAS,segunda
2024-05-13,Robo a negocio con violencia,ASTURIAS,segunda
2024-03-17,Robo a negocio con violencia,ASTURIAS,primera
2024-03-26,Robo a negocio con violencia,TLATELOLCO,primera
2024-03-27,Robo a negocio con violencia,TLATELOLCO,primera
2024-03-06,Robo a negocio con violencia,ROMA,primera
2024-01-29,Robo a negocio con violencia,ASTURIAS,primera
2024-05-22,Homicidio doloso,TLATELOLCO,segunda
2024-06-28,Robo a casa habitación con violencia,ROMA,segunda
2024-04-05,Robo a negocio con violencia,ROMA,segunda
2024-05-21,Lesiones dolosas por disparo de arma de fuego,ANGEL,segunda
2024-02-29,Robo a cuentahabiente saliendo del cajero con violencia,ANGEL,primera
2024-03-30,Robo a negocio con violencia,ANGEL,primera
2024-05-07,Homicidio doloso,BUENAVISTA,segunda
2024-04-23,Robo a negocio con violencia,TACUBA,segunda
2024-02-29,Robo a repartidor con y sin violencia,TACUBA,primera
2024-06-01,Lesiones dolosas por disparo de arma de fuego,TACUBA,segunda
2024-03-05,Robo a repartidor con y sin violencia,TACUBA,primera
2024-05-20,Robo a negocio con violencia,TACUBA,segunda
2024-03-06,Robo a negocio con violencia,POLANCO-CASTILLO,primera
2024-05-28,Robo a negocio con violencia,TACUBA,segunda
2024-01-30,Robo a negocio con violencia,POLANCO-CASTILLO,primera
2024-05-11,Robo a negocio con violencia,TACUBA,segunda
2024-02-20,Robo a cuentahabiente saliendo del cajero con violencia,SOTELO,primera
2024-02-13,Robo a negocio con violencia,SOTELO,primera
2024-02-13,Robo a negocio con violencia,SOTELO,primera
2024-05-17,Robo a negocio con violencia,TACUBA,segunda
2024-03-23,Robo a negocio con violencia,TACUBA,primera
2024-06-13,Robo a negocio con violencia,SOTELO,segunda
2024-06-12,Homicidio doloso,SOTELO,segunda
2024-05-11,Robo a casa habitación con violencia,SOTELO,segunda
2024-05-28,Robo a negocio con violencia,TACUBA,segunda
2024-04-13,Secuestro,SOTELO,segunda
2024-02-29,Robo a negocio con violencia,SOTELO,primera
2024-05-29,Robo a negocio con violencia,SOTELO,segunda
2024-02-01,Robo a negocio con violencia,TACUBA,primera
2024-01-15,Robo a negocio con violencia,POLANCO-CASTILLO,primera
2024-06-09,Robo a repartidor con y sin violencia,TACUBA,segunda
2024-03-04,Robo a repartidor con y sin violencia,TACUBA,primera
2024-02-28,Robo a negocio con violencia,TACUBA,primera
2024-03-26,Robo a negocio con violencia,TACUBA,primera
2024-04-24,Robo a negocio con violencia,TACUBA,segunda
2024-03-05,Robo a negocio con violencia,TACUBA,primera
2024-05-08,Robo a negocio con violencia,TACUBA,segunda
2024-04-30,Robo a negocio con violencia,TACUBA,segunda
2024-02-16,Robo a negocio con violencia,TACUBAYA,primera
2024-03-15,Homicidio doloso,TACUBA,primera
2024-02-15,Robo a negocio con violencia,TACUBAYA,primera
2024-05-20,Robo a negocio con violencia,TACUBAYA,segunda
2024-01-03,Robo a negocio con violencia,TACUBA,primera
2024-02-27,Homicidio doloso,TACUBA,primera
2024-04-11,Robo a pasajero a bordo de microbús con y sin violencia,TACUBA,segunda
2024-05-10,Homicidio doloso,SOTELO,segunda
2024-04-17,Robo a negocio con violencia,TACUBA,segunda
2024-02-09,Robo a repartidor con y sin violencia,TACUBA,primera
2024-01-08,Robo a negocio con violencia,TACUBA,primera
2024-01-13,Homicidio doloso,TACUBA,primera
2024-05-13,Homicidio doloso,TACUBA,segunda
2024-06-01,Robo a repartidor con y sin violencia,TACUBAYA,segunda
2024-01-18,Robo a pasajero a bordo de microbús con y sin violencia,TACUBAYA,primera
2024-06-26,Homicidio doloso,ARENAL,segunda
2024-03-02,Lesiones dolosas por disparo de arma de fuego,TACUBAYA,primera
2024-04-10,Robo a pasajero a bordo de taxi con violencia,MOCTEZUMA,segunda
2024-05-28,Robo a negocio con violencia,MOCTEZUMA,segunda
2024-03-19,Robo a repartidor con y sin violencia,MERCED-BALBUENA,primera
2024-05-21,Robo a pasajero a bordo de microbús con y sin violencia,ARENAL,segunda
2024-06-24,Robo a negocio con violencia,TACUBAYA,segunda
2024-02-02,Robo a repartidor con y sin violencia,CONGRESO,primera
2024-04-21,Robo a repartidor con y sin violencia,ARENAL,segunda
2024-04-13,Robo a negocio con violencia,ARENAL,segunda
2024-04-30,Robo a negocio con violencia,CONSULADO,segunda
2024-05-03,Robo a repartidor con y sin violencia,ZARAGOZA,segunda
2024-02-12,Robo a cuentahabiente saliendo del cajero con violencia,ARENAL,primera
2024-04-30,Robo a pasajero a bordo de microbús con y sin violencia,ARENAL,segunda
2024-06-11,Robo a negocio con violencia,ARENAL,segunda
2024-05-19,Robo a repartidor con y sin violencia,CONGRESO,segunda
2024-04-02,Robo a casa habitación con violencia,CONSULADO,segunda
2024-02-25,Homicidio doloso,CONSULADO,primera
2024-04-22,Robo a negocio con violencia,MOCTEZUMA,segunda
2024-01-06,Robo de vehículo sin violencia,Sin Sector,primera
2024-01-07,Robo de vehículo sin violencia,Sin Sector,primera
2024-02-18,Robo de vehículo sin violencia,Sin Sector,primera
2024-01-04,Robo a transeúnte en vía pública con violencia,Sin Sector,primera
2024-02-22,Robo de vehículo sin violencia,Sin Sector,primera
2024-02-28,Robo de vehículo con violencia,Sin Sector,primera
2024-03-17,Robo de vehículo sin violencia,Sin Sector,primera
2024-03-19,Robo a transeúnte en vía pública con violencia,Sin Sector,primera
2024-03-10,Robo de vehículo sin violencia,Sin Sector,primera
2024-05-27,Robo a negocio con violencia,ZARAGOZA,segunda
2024-03-27,Homicidio doloso,MOCTEZUMA,primera
2024-01-19,Homicidio doloso,CONSULADO,primera
2024-04-05,Robo de vehículo sin violencia,Sin Sector,segunda
2024-04-02,Robo de vehículo sin violencia,Sin Sector,segunda
2024-04-02,Robo a transeúnte en vía pública con violencia,Sin Sector,segunda
2024-04-04,Robo a transeúnte en vía pública con violencia,Sin Sector,segunda
2024-04-01,Robo a transeúnte en vía pública con violencia,Sin Sector,segunda
2024-04-01,Robo de vehículo sin violencia,Sin Sector,segunda
2024-05-16,Robo a repartidor con y sin violencia,MERCED-BALBUENA,segunda
2024-01-03,Robo a negocio con violencia,MERCED-BALBUENA,primera
2024-02-29,Robo a repartidor con y sin violencia,CONSULADO,primera
2024-04-28,Homicidio doloso,CONSULADO,segunda
2024-01-07,Robo a negocio con violencia,CONSULADO,primera
2024-04-09,Robo de vehículo sin violencia,Sin Sector,segunda
2024-06-09,Homicidio doloso,CONSULADO,segunda
2024-05-16,Robo a negocio con violencia,CONSULADO,segunda
2024-04-18,Robo de vehículo con violencia,Sin Sector,segunda
2024-01-16,Robo a pasajero a bordo de microbús con y sin violencia,MOCTEZUMA,primera
2024-03-22,Robo de vehículo sin violencia,Sin Sector,primera
2024-03-07,Robo a negocio con violencia,MOCTEZUMA,primera
2024-01-09,Robo a negocio con violencia,MOCTEZUMA,primera
2024-05-29,Robo a negocio con violencia,MOCTEZUMA,segunda
2024-04-02,Robo a transeúnte en vía pública con violencia,Sin Sector,segunda
2024-04-03,Robo de vehículo sin violencia,Sin Sector,segunda
2024-03-16,Robo de vehículo con violencia,Sin Sector,primera
2024-04-03,Robo de vehículo sin violencia,Sin Sector,segunda
2024-03-21,Robo de vehículo sin violencia,Sin Sector,primera
2024-04-22,Robo a transeúnte en vía pública con violencia,Sin Sector,segunda
2024-04-25,Robo de vehículo con violencia,Sin Sector,segunda
2024-05-01,Robo de vehículo sin violencia,Sin Sector,segunda
2024-05-03,Robo a transeúnte en vía pública con violencia,Sin Sector,segunda
2024-05-03,Robo de vehículo sin violencia,Sin Sector,segunda
2024-04-13,Robo de vehículo con violencia,Sin Sector,segunda
2024-04-15,Robo de vehículo sin violencia,Sin Sector,segunda
2024-02-12,Robo de vehículo con violencia,Sin Sector,primera
2024-02-15,Robo de vehículo sin violencia,Sin Sector,primera
2024-02-15,Robo de vehículo con violencia,Sin Sector,primera
2024-02-03,Robo de vehículo sin violencia,Sin Sector,primera
2024-02-03,Robo de vehículo con violencia,Sin Sector,primera
2024-03-09,Robo de vehículo sin violencia,Sin Sector,primera
2024-03-09,Robo de vehículo sin violencia,Sin Sector,primera
2024-03-10,Robo de vehículo sin violencia,Sin Sector,primera
2024-03-08,Robo de vehículo sin violencia,Sin Sector,primera
2024-03-14,Robo de vehículo sin violencia,Sin Sector,primera
2024-01-04,Robo de vehículo sin violencia,Sin Sector,primera
2024-03-02,Robo de vehículo sin violencia,Sin Sector,primera
2024-01-04,Robo de vehículo sin violencia,Sin Sector,primera
2024-01-05,Robo de vehículo sin violencia,Sin Sector,primera
2024-02-28,Robo de vehículo sin violencia,Sin Sector,primera
2024-01-02,Robo de vehículo sin violencia,Sin Sector,primera
2024-03-04,Robo de vehículo sin violencia,Sin Sector,primera
2024-03-04,Robo de vehículo sin violencia,Sin Sector,primera
2024-03-04,Robo de vehículo sin violencia,Sin Sector,primera
2024-01-03,Robo de vehículo sin violencia,Sin Sector,primera
2024-03-03,Robo a transeúnte en vía pública con violencia,Sin Sector,primera
2024-06-19,Robo de vehículo sin violencia,Sin Sector,segunda
2024-05-14,Robo de vehículo sin violencia,Sin Sector,segunda
2024-06-03,Robo de vehículo sin violencia,Sin Sector,segunda
2024-06-17,Robo de vehículo sin violencia,Sin Sector,segunda
2024-02-01,Robo a transeúnte en vía pública con violencia,Sin Sector,primera
2024-01-08,Robo a negocio con violencia,MERCED-BALBUENA,primera
2024-04-04,Robo de vehículo sin violencia,Sin Sector,segunda
2024-01-22,Robo a negocio con violencia,MOCTEZUMA,primera
2024-05-16,Robo de vehículo sin violencia,Sin Sector,segunda
2024-04-10,Robo de vehículo sin violencia,Sin Sector,segunda
2024-03-19,Robo a negocio con violencia,CONGRESO,primera
2024-02-18,Lesiones dolosas por disparo de arma de fuego,MOCTEZUMA,primera
2024-01-25,Robo a negocio con violencia,MOCTEZUMA,primera
2024-05-08,Robo a negocio con violencia,MOCTEZUMA,segunda
2024-04-30,Robo a negocio con violencia,MOCTEZUMA,segunda
2024-01-20,Robo a negocio con violencia,MERCED-BALBUENA,primera
2024-04-02,Robo de vehículo sin violencia,Sin Sector,segunda
2024-04-09,Robo a negocio con violencia,MOCTEZUMA,segunda
2024-05-22,Robo de vehículo sin violencia,Sin Sector,segunda
2024-05-26,Robo de vehículo sin violencia,Sin Sector,segunda
2024-05-28,Robo de vehículo sin violencia,Sin Sector,segunda
2024-05-19,Robo de vehículo sin violencia,Sin Sector,segunda
2024-05-18,Robo de vehículo sin violencia,Sin Sector,segunda
2024-06-25,Robo a transportista con y sin violencia,CONGRESO,segunda
2024-04-20,Robo de vehículo con violencia,TOPILEJO,segunda
2024-01-22,Robo a negocio con violencia,MOCTEZUMA,primera
2024-04-08,Robo de vehículo con violencia,Sin Sector,segunda
2024-04-09,Robo de vehículo sin violencia,Sin Sector,segunda
2024-03-19,Robo de vehículo sin violencia,Sin Sector,primera
2024-06-12,Robo a negocio con violencia,MERCED-BALBUENA,segunda
2024-04-15,Robo de vehículo con violencia,Sin Sector,segunda
2024-02-07,Robo de vehículo sin violencia,Sin Sector,primera
2024-02-08,Robo de vehículo sin violencia,Sin Sector,primera
2024-01-22,Robo de vehículo sin violencia,Sin Sector,primera
2024-01-11,Robo de vehículo sin violencia,Sin Sector,primera
2024-01-16,Robo a transeúnte en vía pública con violencia,Sin Sector,primera
2024-01-10,Robo de vehículo sin violencia,Sin Sector,primera
2024-03-11,Robo de vehículo sin violencia,Sin Sector,primera
2024-03-12,Robo de vehículo sin violencia,Sin Sector,primera
2024-03-01,Robo de vehículo sin violencia,Sin Sector,primera
2024-02-24,Robo de vehículo sin violencia,Sin Sector,primera
2024-02-27,Robo de vehículo con violencia,Sin Sector,primera
2024-02-27,Robo de vehículo sin violencia,Sin Sector,primera
2024-02-27,Robo de vehículo sin violencia,Sin Sector,primera
2024-02-29,Robo de vehículo sin violencia,Sin Sector,primera
2024-03-02,Robo de vehículo sin violencia,Sin Sector,primera
2024-03-04,Robo de vehículo sin violencia,Sin Sector,primera
2024-03-04,Robo de vehículo sin violencia,Sin Sector,primera
2024-03-03,Robo de vehículo con violencia,Sin Sector,primera
2024-06-22,Robo de vehículo sin violencia,Sin Sector,segunda
2024-06-11,Robo de vehículo sin violencia,Sin Sector,segunda
2024-06-29,Robo a negocio con violencia,CONGRESO,segunda
2024-04-21,Homicidio doloso,MERCED-BALBUENA,segunda
2024-04-09,Robo a negocio con violencia,MOCTEZUMA,segunda
2024-02-22,Robo de vehículo sin violencia,Sin Sector,primera
2024-01-18,Robo de vehículo sin violencia,Sin Sector,primera
2024-05-11,Robo de vehículo sin violencia,Sin Sector,segunda
2024-03-27,Robo a repartidor con y sin violencia,MOCTEZUMA,primera
2024-05-22,Lesiones dolosas por disparo de arma de fuego,MOCTEZUMA,segunda
2024-05-12,Robo de vehículo sin violencia,Sin Sector,segunda
2024-04-29,Robo a transeúnte en vía pública con violencia,Sin Sector,segunda
2024-03-25,Robo de vehículo sin violencia,Sin Sector,primera
2024-05-31,Homicidio doloso,CONSULADO,segunda
2024-04-02,Robo a negocio con violencia,MOCTEZUMA,segunda
2024-05-05,Lesiones dolosas por disparo de arma de fuego,MOCTEZUMA,segunda
2024-06-01,Homicidio doloso,MOCTEZUMA,segunda
2024-05-09,Robo de vehículo con violencia,Sin Sector,segunda
2024-05-09,Robo de vehículo sin violencia,Sin Sector,segunda
2024-05-23,Robo de vehículo sin violencia,Sin Sector,segunda
2024-04-05,Robo de vehículo con violencia,Sin Sector,segunda
2024-06-13,Robo de vehículo sin violencia,PRADERA,segunda
2024-01-23,Robo de vehículo sin violencia,CUCHILLA,primera
2024-02-14,Robo de vehículo sin violencia,OASIS,primera
2024-03-01,Robo a transeúnte en vía pública con violencia,CHURUBUSCO,primera
2024-02-03,Robo de vehículo sin violencia,MILPA ALTA,primera
2024-03-02,Robo de vehículo con violencia,MILPA ALTA,primera
2024-02-07,Robo de vehículo sin violencia,MILPA ALTA,primera
2024-06-08,Robo de vehículo con violencia,COAPA,segunda
2024-03-02,Robo de vehículo con violencia,ALPES,primera
2024-05-20,Robo de vehículo sin violencia,COAPA,segunda
2024-02-27,Robo de vehículo sin violencia,COAPA,primera
2024-03-05,Robo a transeúnte en vía pública con violencia,COAPA,primera
2024-02-02,Robo a transeúnte en vía pública con violencia,TOPILEJO,primera
2024-06-23,Robo de vehículo con violencia,LA NORIA,segunda
2024-01-24,Robo de vehículo sin violencia,LA NORIA,primera
2024-01-21,Homicidio doloso,Sin Sector,primera
2024-03-23,Robo a transeúnte en vía pública con violencia,LA NORIA,primera
2024-06-16,Lesiones dolosas por disparo de arma de fuego,Sin Sector,segunda
2024-02-10,Robo a repartidor con y sin violencia,Sin Sector,primera
2024-03-09,Lesiones dolosas por disparo de arma de fuego,Sin Sector,primera
2024-04-11,Lesiones dolosas por disparo de arma de fuego,Sin Sector,segunda
2024-06-09,Lesiones dolosas por disparo de arma de fuego,Sin Sector,segunda
2024-04-14,Lesiones dolosas por disparo de arma de fuego,Sin Sector,segunda
2024-05-11,Homicidio doloso,Sin Sector,segunda
2024-05-04,Lesiones dolosas por disparo de arma de fuego,Sin Sector,segunda
2024-05-13,Secuestro,Sin Sector,segunda
2024-04-29,Lesiones dolosas por disparo de arma de fuego,Sin Sector,segunda
2024-04-29,Lesiones dolosas por disparo de arma de fuego,Sin Sector,segunda
2024-05-29,Lesiones dolosas por disparo de arma de fuego,Sin Sector,segunda
2024-05-21,Lesiones dolosas por disparo de arma de fuego,Sin Sector,segunda
2024-05-19,Lesiones dolosas por disparo de arma de fuego,Sin Sector,segunda
2024-03-26,Robo a negocio con violencia,Sin Sector,primera
2024-03-29,Lesiones dolosas por disparo de arma de fuego,Sin Sector,primera
2024-04-21,Lesiones dolosas por disparo de arma de fuego,Sin Sector,segunda
2024-06-19,Robo a repartidor con y sin violencia,Sin Sector,segunda
2024-06-18,Lesiones dolosas por disparo de arma de fuego,Sin Sector,segunda
2024-06-12,Lesiones dolosas por disparo de arma de fuego,Sin Sector,segunda
2024-06-30,Lesiones dolosas por disparo de arma de fuego,Sin Sector,segunda
2024-06-30,Lesiones dolosas por disparo de arma de fuego,Sin Sector,segunda
2024-01-16,Robo a pasajero a bordo de microbús con y sin violencia,Sin Sector,primera
2024-02-10,Lesiones dolosas por disparo de arma de fuego,Sin Sector,primera
2024-02-10,Lesiones dolosas por disparo de arma de fuego,Sin Sector,primera
2024-02-10,Lesiones dolosas por disparo de arma de fuego,Sin Sector,primera
2024-02-07,Robo a cuentahabiente saliendo del cajero con violencia,Sin Sector,primera
2024-03-19,Lesiones dolosas por disparo de arma de fuego,Sin Sector,primera
2024-03-17,Lesiones dolosas por disparo de arma de fuego,Sin Sector,primera
2024-03-06,Robo a negocio con violencia,Sin Sector,primera
2024-03-14,Lesiones dolosas por disparo de arma de fuego,Sin Sector,primera
2024-06-26,Homicidio doloso,Sin Sector,segunda
2024-03-30,Homicidio doloso,Sin Sector,primera
2024-03-17,Lesiones dolosas por disparo de arma de fuego,Sin Sector,primera
2024-01-31,Robo a pasajero a bordo de microbús con y sin violencia,Sin Sector,primera
2024-01-28,Homicidio doloso,Sin Sector,primera
2024-03-10,Robo a casa habitación con violencia,Sin Sector,primera
2024-05-18,Lesiones dolosas por disparo de arma de fuego,Sin Sector,segunda
2024-06-02,Lesiones dolosas por disparo de arma de fuego,Sin Sector,segunda
2024-04-14,Lesiones dolosas por disparo de arma de fuego,Sin Sector,segunda
2024-04-15,Lesiones dolosas por disparo de arma de fuego,Sin Sector,segunda
2024-05-12,Lesiones dolosas por disparo de arma de fuego,Sin Sector,segunda
2024-05-16,Lesiones dolosas por disparo de arma de fuego,Sin Sector,segunda
2024-05-02,Robo a negocio con violencia,Sin Sector,segunda
2024-05-31,Lesiones dolosas por disparo de arma de fuego,Sin Sector,segunda
2024-05-18,Lesiones dolosas por disparo de arma de fuego,Sin Sector,segunda
2024-05-19,Lesiones dolosas por disparo de arma de fuego,Sin Sector,segunda
2024-05-19,Lesiones dolosas por disparo de arma de fuego,Sin Sector,segunda
2024-04-03,Robo a cuentahabiente saliendo del cajero con violencia,Sin Sector,segunda
2024-04-03,Lesiones dolosas por disparo de arma de fuego,Sin Sector,segunda
2024-04-03,Lesiones dolosas por disparo de arma de fuego,Sin Sector,segunda
2024-04-08,Lesiones dolosas por disparo de arma de fuego,Sin Sector,segunda
2024-04-01,Lesiones dolosas por disparo de arma de fuego,Sin Sector,segunda
2024-03-27,Lesiones dolosas por disparo de arma de fuego,Sin Sector,primera
2024-03-29,Lesiones dolosas por disparo de arma de fuego,Sin Sector,primera
2024-03-29,Lesiones dolosas por disparo de arma de fuego,Sin Sector,primera
2024-04-15,Lesiones dolosas por disparo de arma de fuego,Sin Sector,segunda
2024-06-05,Lesiones dolosas por disparo de arma de fuego,Sin Sector,segunda
2024-06-08,Lesiones dolosas por disparo de arma de fuego,Sin Sector,segunda
2024-06-30,Lesiones dolosas por disparo de arma de fuego,Sin Sector,segunda
2024-02-11,Lesiones dolosas por disparo de arma de fuego,Sin Sector,primera
2024-02-20,Lesiones dolosas por disparo de arma de fuego,Sin Sector,primera
2024-02-17,Robo a pasajero a bordo de microbús con y sin violencia,Sin Sector,primera
2024-03-06,Lesiones dolosas por disparo de arma de fuego,Sin Sector,primera
2024-03-22,Lesiones dolosas por disparo de arma de fuego,Sin Sector,primera
2024-01-24,Lesiones dolosas por disparo de arma de fuego,Sin Sector,primera
2024-03-21,Lesiones dolosas por disparo de arma de fuego,Sin Sector,primera
2024-04-18,Robo de vehículo sin violencia,Sin Sector,segunda
2024-06-11,Homicidio doloso,Sin Sector,segunda
2024-01-02,Homicidio doloso,Sin Sector,primera
2024-05-17,Homicidio doloso,Sin Sector,segunda
2024-01-21,Robo de vehículo con violencia,Sin Sector,primera
2024-01-09,Robo de vehículo sin violencia,Sin Sector,primera
2024-04-08,Robo de vehículo con violencia,Sin Sector,segunda
2024-04-08,Robo de vehículo sin violencia,Sin Sector,segunda
2024-03-15,Robo de vehículo sin violencia,Sin Sector,primera
2024-02-13,Homicidio doloso,TAXQUEÑA,primera
2024-06-13,Homicidio doloso,SANTA CRUZ,segunda
2024-06-27,Robo a repartidor con y sin violencia,TOPILEJO,segunda
2024-02-26,Lesiones dolosas por disparo de arma de fuego,TEPEPAN,primera
2024-01-02,Robo a transeúnte en vía pública con violencia,Sin Sector,primera
2024-04-11,Robo de vehículo sin violencia,Sin Sector,segunda
2024-04-11,Robo de vehículo sin violencia,Sin Sector,segunda
2024-04-09,Robo a transeúnte en vía pública con violencia,Sin Sector,segunda
2024-04-11,Robo de vehículo sin violencia,Sin Sector,segunda
2024-03-13,Robo de vehículo sin violencia,Sin Sector,primera
2024-01-02,Robo a transeúnte en vía pública con violencia,Sin Sector,primera
2024-03-13,Robo de vehículo sin violencia,Sin Sector,primera
2024-03-02,Robo de vehículo sin violencia,Sin Sector,primera
2024-03-02,Robo de vehículo con violencia,Sin Sector,primera
2024-04-09,Robo de vehículo sin violencia,Sin Sector,segunda
2024-06-21,Robo de vehículo sin violencia,TOPILEJO,segunda
2024-04-20,Robo a transeúnte en vía pública con violencia,TOPILEJO,segunda
2024-01-01,Robo a transeúnte en vía pública con violencia,TOPILEJO,primera
2024-03-06,Robo de vehículo sin violencia,TOPILEJO,primera
2024-03-18,Robo de vehículo sin violencia,CONSULADO,primera
2024-06-11,Robo de vehículo sin violencia,CONSULADO,segunda
2024-03-11,Robo a repartidor con y sin violencia,Sin Sector,primera
2024-06-11,Lesiones dolosas por disparo de arma de fuego,Sin Sector,segunda
2024-01-31,Robo a pasajero a bordo de microbús con y sin violencia,Sin Sector,primera
2024-01-10,Robo a repartidor con y sin violencia,Sin Sector,primera
2024-05-30,Lesiones dolosas por disparo de arma de fuego,Sin Sector,segunda
2024-01-29,Robo a pasajero a bordo de microbús con y sin violencia,Sin Sector,primera
2024-01-28,Lesiones dolosas por disparo de arma de fuego,Sin Sector,primera
2024-01-29,Robo a pasajero a bordo de taxi con violencia,Sin Sector,primera
2024-01-28,Lesiones dolosas por disparo de arma de fuego,ARAGON,primera
2024-02-05,Robo a repartidor con y sin violencia,PRADERA,primera
2024-05-17,Robo a negocio con violencia,UNIVERSIDAD,segunda
2024-04-02,Robo de vehículo sin violencia,Sin Sector,segunda
2024-03-20,Robo de vehículo sin violencia,Sin Sector,primera
2024-06-12,Robo de vehículo sin violencia,Sin Sector,segunda
2024-01-17,Robo a transeúnte en vía pública con violencia,Sin Sector,primera
2024-01-10,Robo de vehículo sin violencia,Sin Sector,primera
2024-03-07,Robo de vehículo sin violencia,Sin Sector,primera
2024-03-08,Robo de vehículo sin violencia,Sin Sector,primera
2024-03-10,Robo de vehículo sin violencia,Sin Sector,primera
2024-05-29,Robo de vehículo sin violencia,Sin Sector,segunda
2024-05-22,Robo de vehículo sin violencia,Sin Sector,segunda
2024-05-23,Robo de vehículo sin violencia,Sin Sector,segunda
2024-05-24,Robo de vehículo sin violencia,Sin Sector,segunda
2024-05-25,Robo de vehículo sin violencia,Sin Sector,segunda
2024-05-10,Robo de vehículo sin violencia,Sin Sector,segunda
2024-05-05,Robo de vehículo sin violencia,Sin Sector,segunda
2024-01-20,Robo a cuentahabiente saliendo del cajero con violencia,NATIVITAS,primera
2024-05-20,Homicidio doloso,TOPILEJO,segunda
2024-04-09,Robo de vehículo sin violencia,Sin Sector,segunda
2024-02-08,Robo de vehículo sin violencia,Sin Sector,primera
2024-02-14,Robo de vehículo sin violencia,Sin Sector,primera
2024-01-26,Robo de vehículo con violencia,Sin Sector,primera
2024-02-01,Robo de vehículo sin violencia,Sin Sector,primera
2024-04-02,Robo de vehículo sin violencia,Sin Sector,segunda
2024-03-11,Robo de vehículo sin violencia,Sin Sector,primera
2024-01-03,Robo de vehículo con violencia,Sin Sector,primera
2024-01-04,Robo de vehículo con violencia,Sin Sector,primera
2024-03-03,Robo de vehículo sin violencia,Sin Sector,primera
2024-06-16,Robo de vehículo sin violencia,Sin Sector,segunda
2024-06-19,Robo de vehículo sin violencia,Sin Sector,segunda
2024-06-19,Robo de vehículo sin violencia,Sin Sector,segunda
2024-06-26,Robo de vehículo con violencia,Sin Sector,segunda
2024-01-17,Robo de vehículo sin violencia,Sin Sector,primera
2024-06-28,Robo de vehículo sin violencia,Sin Sector,segunda
2024-01-25,Robo de vehículo sin violencia,Sin Sector,primera
2024-01-23,Robo de vehículo con violencia,Sin Sector,primera
2024-01-09,Robo de vehículo sin violencia,Sin Sector,primera
2024-01-09,Robo de vehículo con violencia,Sin Sector,primera
2024-01-08,Robo de vehículo sin violencia,Sin Sector,primera
2024-03-31,Robo a transeúnte en vía pública con violencia,Sin Sector,primera
2024-05-07,Robo de vehículo sin violencia,Sin Sector,segunda
2024-04-02,Robo de vehículo con violencia,Sin Sector,segunda
2024-04-09,Robo de vehículo sin violencia,Sin Sector,segunda
2024-04-05,Robo de vehículo sin violencia,Sin Sector,segunda
2024-04-05,Robo de vehículo sin violencia,Sin Sector,segunda
2024-04-02,Robo a transeúnte en vía pública con violencia,Sin Sector,segunda
2024-04-09,Robo de vehículo sin violencia,Sin Sector,segunda
2024-04-09,Robo de vehículo sin violencia,Sin Sector,segunda
2024-04-05,Robo de vehículo sin violencia,Sin Sector,segunda
2024-03-18,Robo de vehículo sin violencia,Sin Sector,primera
2024-03-16,Robo de vehículo con violencia,Sin Sector,primera
2024-03-28,Robo de vehículo sin violencia,Sin Sector,primera
2024-03-26,Robo de vehículo sin violencia,Sin Sector,primera
2024-03-26,Robo de vehículo sin violencia,Sin Sector,primera
2024-04-23,Robo de vehículo sin violencia,Sin Sector,segunda
2024-04-10,Robo de vehículo sin violencia,Sin Sector,segunda
2024-04-16,Robo de vehículo sin violencia,Sin Sector,segunda
2024-04-19,Robo a transeúnte en vía pública con violencia,Sin Sector,segunda
2024-04-20,Robo de vehículo sin violencia,Sin Sector,segunda
2024-04-17,Robo a pasajero a bordo del metro con violencia,Sin Sector,segunda
2024-04-17,Robo de vehículo sin violencia,Sin Sector,segunda
2024-02-08,Robo de vehículo con violencia,Sin Sector,primera
2024-02-10,Robo de vehículo con violencia,Sin Sector,primera
2024-01-08,Robo de vehículo sin violencia,Sin Sector,primera
2024-02-24,Robo de vehículo sin violencia,Sin Sector,primera
2024-01-11,Robo a transeúnte en vía pública con violencia,Sin Sector,primera
2024-01-10,Robo de vehículo sin violencia,Sin Sector,primera
2024-01-31,Robo a transeúnte en vía pública con violencia,Sin Sector,primera
2024-05-21,Robo de vehículo sin violencia,Sin Sector,segunda
2024-05-22,Robo de vehículo sin violencia,Sin Sector,segunda
2024-05-22,Robo de vehículo sin violencia,Sin Sector,segunda
2024-02-02,Robo a transeúnte en vía pública con violencia,Sin Sector,primera
2024-01-10,Robo de vehículo con violencia,Sin Sector,primera
2024-03-10,Robo de vehículo sin violencia,Sin Sector,primera
2024-03-03,Robo de vehículo sin violencia,Sin Sector,primera
2024-05-20,Robo de vehículo sin violencia,Sin Sector,segunda
2024-05-20,Robo de vehículo sin violencia,Sin Sector,segunda
2024-05-20,Robo de vehículo sin violencia,Sin Sector,segunda
2024-05-21,Robo de vehículo sin violencia,Sin Sector,segunda
2024-05-14,Robo de vehículo sin violencia,Sin Sector,segunda
2024-05-16,Robo de vehículo sin violencia,Sin Sector,segunda
2024-06-19,Robo de vehículo sin violencia,Sin Sector,segunda
2024-06-13,Robo de vehículo sin violencia,Sin Sector,segunda
2024-05-31,Robo de vehículo sin violencia,Sin Sector,segunda
2024-05-31,Robo de vehículo sin violencia,Sin Sector,segunda
2024-03-18,Robo de vehículo sin violencia,Sin Sector,primera
2024-03-17,Robo de vehículo sin violencia,Sin Sector,primera
2024-03-21,Robo de vehículo sin violencia,Sin Sector,primera
2024-03-20,Robo de vehículo con violencia,Sin Sector,primera
2024-03-27,Robo de vehículo sin violencia,Sin Sector,primera
2024-03-27,Robo a transeúnte en vía pública con violencia,Sin Sector,primera
2024-03-21,Robo de vehículo sin violencia,Sin Sector,primera
2024-03-21,Robo de vehículo con violencia,Sin Sector,primera
2024-03-25,Robo a pasajero a bordo del metro con violencia,Sin Sector,primera
2024-04-26,Robo de vehículo sin violencia,Sin Sector,segunda
2024-04-25,Robo de vehículo sin violencia,Sin Sector,segunda
2024-04-30,Robo de vehículo sin violencia,Sin Sector,segunda
2024-04-20,Robo de vehículo sin violencia,Sin Sector,segunda
2024-02-12,Robo de vehículo sin violencia,Sin Sector,primera
2024-02-06,Robo de vehículo sin violencia,Sin Sector,primera
2024-02-16,Robo de vehículo sin violencia,Sin Sector,primera
2024-02-16,Robo de vehículo sin violencia,Sin Sector,primera
2024-02-16,Robo de vehículo sin violencia,Sin Sector,primera
2024-02-04,Robo de vehículo con violencia,Sin Sector,primera
2024-02-01,Robo de vehículo sin violencia,Sin Sector,primera
2024-02-02,Robo a transeúnte en vía pública con violencia,Sin Sector,primera
2024-01-26,Robo de vehículo sin violencia,Sin Sector,primera
2024-01-11,Robo de vehículo sin violencia,Sin Sector,primera
2024-03-05,Robo de vehículo sin violencia,Sin Sector,primera
2024-06-26,Robo a transeúnte en vía pública con violencia,Sin Sector,segunda
2024-05-15,Robo de vehículo con violencia,Sin Sector,segunda
2024-05-22,Robo de vehículo sin violencia,Sin Sector,segunda
2024-05-22,Robo de vehículo sin violencia,Sin Sector,segunda
2024-05-21,Robo de vehículo sin violencia,Sin Sector,segunda
2024-05-13,Robo de vehículo sin violencia,Sin Sector,segunda
2024-05-14,Robo de vehículo sin violencia,Sin Sector,segunda
2024-03-20,Robo de vehículo sin violencia,Sin Sector,primera
2024-04-22,Robo de vehículo sin violencia,Sin Sector,segunda
2024-03-26,Robo de vehículo con violencia,Sin Sector,primera
2024-05-14,Robo de vehículo sin violencia,Sin Sector,segunda
2024-05-19,Robo de vehículo sin violencia,Sin Sector,segunda
2024-05-26,Robo de vehículo sin violencia,Sin Sector,segunda
2024-04-22,Robo de vehículo sin violencia,OASIS,segunda
2024-04-05,Robo de vehículo sin violencia,UNIVERSIDAD,segunda
2024-02-22,Robo a transeúnte en vía pública con violencia,UNIVERSIDAD,primera
2024-06-20,Robo de vehículo sin violencia,UNIVERSIDAD,segunda
2024-06-10,Robo de vehículo sin violencia,UNIVERSIDAD,segunda
2024-02-14,Robo de vehículo sin violencia,UNIVERSIDAD,primera
2024-02-14,Robo de vehículo sin violencia,UNIVERSIDAD,primera
2024-02-20,Robo a transeúnte en vía pública con violencia,UNIVERSIDAD,primera
2024-03-15,Robo de vehículo con violencia,ESTRELLA,primera
2024-02-19,Robo de vehículo sin violencia,UNIVERSIDAD,primera
2024-02-22,Robo de vehículo sin violencia,UNIVERSIDAD,primera
2024-06-26,Robo a transeúnte en vía pública con violencia,UNIVERSIDAD,segunda
2024-03-27,Robo de vehículo sin violencia,UNIVERSIDAD,primera
2024-04-25,Robo de vehículo sin violencia,UNIVERSIDAD,segunda
2024-04-21,Robo de vehículo sin violencia,UNIVERSIDAD,segunda
2024-04-12,Robo de vehículo sin violencia,CUCHILLA,segunda
2024-03-20,Robo a transeúnte en vía pública con violencia,UNIVERSIDAD,primera
2024-05-10,Robo a transeúnte en vía pública con violencia,UNIVERSIDAD,segunda
2024-06-12,Robo de vehículo sin violencia,UNIVERSIDAD,segunda
2024-03-17,Robo a transeúnte en vía pública con violencia,UNIVERSIDAD,primera
2024-01-15,Robo a transeúnte en vía pública con violencia,TOPILEJO,primera
2024-06-13,Robo de vehículo con violencia,TOPILEJO,segunda
2024-06-23,Robo de vehículo sin violencia,COAPA,segunda
2024-05-12,Robo de vehículo sin violencia,PORTALES,segunda
2024-04-29,Robo a transeúnte en vía pública con violencia,Sin Sector,segunda
2024-01-30,Robo de vehículo sin violencia,Sin Sector,primera
2024-02-04,Robo de vehículo con violencia,Sin Sector,primera
2024-05-27,Robo a transeúnte en vía pública con violencia,ALAMEDA,segunda
2024-06-14,Robo a transeúnte en vía pública con violencia,ALAMEDA,segunda
2024-01-28,Robo a transeúnte en vía pública con violencia,ALAMEDA,primera
2024-04-29,Robo a negocio con violencia,ALAMEDA,segunda
2024-03-15,Robo a transeúnte en vía pública con violencia,ALAMEDA,primera
2024-03-12,Robo a transeúnte en vía pública con violencia,ALAMEDA,primera
2024-06-18,Robo de vehículo sin violencia,ALAMEDA,segunda
2024-04-22,Robo a transeúnte en vía pública con violencia,ALAMEDA,segunda
2024-06-12,Robo de vehículo con violencia,ALAMEDA,segunda
2024-01-30,Robo a transeúnte en vía pública con violencia,ALAMEDA,primera
2024-02-13,Robo a transeúnte en vía pública con violencia,ALAMEDA,primera
2024-03-12,Robo a negocio con violencia,ALAMEDA,primera
2024-04-16,Robo a transeúnte en vía pública con violencia,ALAMEDA,segunda
2024-04-14,Robo a transeúnte en vía pública con violencia,ALAMEDA,segunda
2024-04-07,Robo a transeúnte en vía pública con violencia,ALAMEDA,segunda
2024-06-14,Robo a transeúnte en vía pública con violencia,ALAMEDA,segunda
2024-01-16,Robo a transeúnte en vía pública con violencia,ALAMEDA,primera
2024-01-20,Robo a transeúnte en vía pública con violencia,ALAMEDA,primera
2024-02-26,Robo a transeúnte en vía pública con violencia,ALAMEDA,primera
2024-06-18,Robo a transeúnte en vía pública con violencia,ALAMEDA,segunda
2024-04-18,Robo a pasajero a bordo del metro con violencia,ALAMEDA,segunda
2024-03-01,Robo a transeúnte en vía pública con violencia,ALAMEDA,primera
2024-03-04,Robo a negocio con violencia,ALAMEDA,primera
2024-01-25,Robo a transeúnte en vía pública con violencia,ALAMEDA,primera
2024-03-14,Robo a transeúnte en vía pública con violencia,ALAMEDA,primera
2024-05-02,Robo a transeúnte en vía pública con violencia,ALAMEDA,segunda
2024-05-10,Robo de vehículo con violencia,ALAMEDA,segunda
2024-04-05,Robo a transeúnte en vía pública con violencia,ALAMEDA,segunda
2024-04-11,Robo a transeúnte en vía pública con violencia,ALAMEDA,segunda
2024-06-10,Robo a pasajero a bordo de taxi con violencia,ALAMEDA,segunda
2024-01-30,Robo a transeúnte en vía pública con violencia,ALAMEDA,primera
2024-01-17,Robo a transeúnte en vía pública con violencia,ALAMEDA,primera
2024-03-31,Robo a transeúnte en vía pública con violencia,ALAMEDA,primera
2024-05-18,Robo a cuentahabiente saliendo del cajero con violencia,ALAMEDA,segunda
2024-06-14,Robo a transeúnte en vía pública con violencia,ALAMEDA,segunda
2024-03-08,Robo a transeúnte en vía pública con violencia,ALAMEDA,primera
2024-01-01,Robo de vehículo sin violencia,ALAMEDA,primera
2024-04-18,Robo a repartidor con y sin violencia,ALAMEDA,segunda
2024-05-24,Robo a transeúnte en vía pública con violencia,ALAMEDA,segunda
2024-01-23,Robo a transeúnte en vía pública con violencia,ALAMEDA,primera
2024-06-03,Robo de vehículo sin violencia,ALAMEDA,segunda
2024-01-12,Robo de vehículo sin violencia,ANGEL,primera
2024-06-01,Homicidio doloso,ALAMEDA,segunda
2024-01-20,Robo de vehículo sin violencia,ALAMEDA,primera
2024-03-29,Robo a transeúnte en vía pública con violencia,ANGEL,primera
2024-05-27,Robo a transeúnte en vía pública con violencia,ALAMEDA,segunda
2024-02-11,Robo a transeúnte en vía pública con violencia,ALAMEDA,primera
2024-06-15,Robo a transeúnte en vía pública con violencia,ALAMEDA,segunda
2024-05-05,Robo de vehículo sin violencia,ANGEL,segunda
2024-01-15,Robo a transeúnte en vía pública con violencia,ANGEL,primera
2024-02-29,Robo a transeúnte en vía pública con violencia,ANGEL,primera
2024-05-18,Robo a transeúnte en vía pública con violencia,ALAMEDA,segunda
2024-06-14,Robo a transeúnte en vía pública con violencia,ANGEL,segunda
2024-06-14,Robo a transeúnte en vía pública con violencia,ALAMEDA,segunda
2024-01-29,Robo a transeúnte en vía pública con violencia,ANGEL,primera
2024-04-06,Robo a transeúnte en vía pública con violencia,ANGEL,segunda
2024-02-21,Robo a transeúnte en vía pública con violencia,ANGEL,primera
2024-05-07,Robo a transeúnte en vía pública con violencia,ALAMEDA,segunda
2024-05-08,Robo a transeúnte en vía pública con violencia,ALAMEDA,segunda
2024-03-03,Homicidio doloso,ALAMEDA,primera
2024-05-18,Robo a transeúnte en vía pública con violencia,ALAMEDA,segunda
2024-01-30,Robo a transeúnte en vía pública con violencia,ALAMEDA,primera
2024-04-16,Robo a transeúnte en vía pública con violencia,ALAMEDA,segunda
2024-04-03,Robo de vehículo con violencia,ALAMEDA,segunda
2024-01-30,Robo a transeúnte en vía pública con violencia,ALAMEDA,primera
2024-04-21,Robo a transeúnte en vía pública con violencia,ALAMEDA,segunda
2024-05-12,Robo a transeúnte en vía pública con violencia,ALAMEDA,segunda
2024-03-31,Robo a transeúnte en vía pública con violencia,ANGEL,primera
2024-06-22,Robo a transeúnte en vía pública con violencia,ANGEL,segunda
2024-06-14,Robo a transeúnte en vía pública con violencia,ANGEL,segunda
2024-05-02,Robo a transeúnte en vía pública con violencia,ANGEL,segunda
2024-06-30,Robo a transeúnte en vía pública con violencia,ANGEL,segunda
2024-01-27,Robo a transeúnte en vía pública con violencia,ANGEL,primera
2024-01-20,Robo a transeúnte en vía pública con violencia,ANGEL,primera
2024-05-07,Robo de vehículo sin violencia,ANGEL,segunda
2024-05-27,Robo a transeúnte en vía pública con violencia,ANGEL,segunda
2024-02-19,Robo a transeúnte en vía pública con violencia,ANGEL,primera
2024-04-03,Robo a transeúnte en vía pública con violencia,ANGEL,segunda
2024-01-30,Robo a transeúnte en vía pública con violencia,ALAMEDA,primera
2024-02-01,Robo a transeúnte en vía pública con violencia,ANGEL,primera
2024-06-29,Robo a transeúnte en vía pública con violencia,ANGEL,segunda
2024-04-29,Robo a transeúnte en vía pública con violencia,ANGEL,segunda
2024-06-21,Robo de vehículo sin violencia,ANGEL,segunda
2024-04-30,Robo a transeúnte en vía pública con violencia,ANGEL,segunda
2024-06-21,Robo de vehículo sin violencia,ANGEL,segunda
2024-06-17,Robo de vehículo sin violencia,ANGEL,segunda
2024-04-28,Robo a transeúnte en vía pública con violencia,ANGEL,segunda
2024-06-07,Homicidio doloso,ANGEL,segunda
2024-01-04,Robo a transeúnte en vía pública con violencia,ANGEL,primera
2024-02-26,Robo de vehículo sin violencia,ANGEL,primera
2024-05-25,Robo de vehículo sin violencia,ANGEL,segunda
2024-05-27,Robo de vehículo sin violencia,ANGEL,segunda
2024-01-24,Robo de vehículo sin violencia,ANGEL,primera
2024-01-11,Robo a transeúnte en vía pública con violencia,ANGEL,primera
2024-03-26,Robo a negocio con violencia,ANGEL,primera
2024-01-27,Robo de vehículo con violencia,ANGEL,primera
2024-03-30,Robo a transeúnte en vía pública con violencia,ANGEL,primera
2024-05-06,Robo a transeúnte en vía pública con violencia,ANGEL,segunda
2024-05-17,Robo de vehículo sin violencia,ANGEL,segunda
2024-03-30,Robo a transeúnte en vía pública con violencia,ANGEL,primera
2024-03-25,Robo a transeúnte en vía pública con violencia,ANGEL,primera
2024-06-14,Robo a transeúnte en vía pública con violencia,ANGEL,segunda
2024-04-30,Robo a transeúnte en vía pública con violencia,ANGEL,segunda
2024-04-30,Robo a transeúnte en vía pública con violencia,ANGEL,segunda
2024-02-12,Robo a transeúnte en vía pública con violencia,ANGEL,primera
2024-01-12,Robo a transeúnte en vía pública con violencia,ANGEL,primera
2024-04-08,Robo a transeúnte en vía pública con violencia,ANGEL,segunda
2024-05-24,Robo de vehículo sin violencia,ANGEL,segunda
2024-05-05,Robo a transeúnte en vía pública con violencia,ANGEL,segunda
2024-05-06,Robo de vehículo sin violencia,ANGEL,segunda
2024-03-29,Robo a transeúnte en vía pública con violencia,ANGEL,primera
2024-02-19,Robo a transeúnte en vía pública con violencia,ANGEL,primera
2024-06-29,Robo a transeúnte en vía pública con violencia,ANGEL,segunda
2024-04-30,Robo a transeúnte en vía pública con violencia,ANGEL,segunda
2024-04-29,Robo a transeúnte en vía pública con violencia,ANGEL,segunda
2024-03-30,Robo a transeúnte en vía pública con violencia,ANGEL,primera
2024-03-29,Robo a transeúnte en vía pública con violencia,ANGEL,primera
2024-02-21,Robo a transeúnte en vía pública con violencia,ANGEL,primera
2024-03-27,Robo de vehículo sin violencia,ANGEL,primera
2024-02-29,Robo a transeúnte en vía pública con violencia,ANGEL,primera
2024-02-23,Robo de vehículo sin violencia,ANGEL,primera
2024-04-26,Robo de vehículo sin violencia,ANGEL,segunda
2024-03-28,Robo a negocio con violencia,ANGEL,primera
2024-06-13,Robo a transeúnte en vía pública con violencia,ANGEL,segunda
2024-02-27,Robo a transeúnte en vía pública con violencia,ANGEL,primera
2024-02-29,Robo a transeúnte en vía pública con violencia,ANGEL,primera
2024-05-04,Robo de vehículo sin violencia,ANGEL,segunda
2024-02-20,Robo a transeúnte en vía pública con violencia,ANGEL,primera
2024-06-17,Homicidio doloso,ANGEL,segunda
2024-05-31,Robo de vehículo sin violencia,ANGEL,segunda
2024-03-01,Robo a pasajero a bordo del metro con violencia,ANGEL,primera
2024-03-08,Robo de vehículo sin violencia,ANGEL,primera
2024-03-12,Robo a pasajero a bordo del metro con violencia,ANGEL,primera
2024-03-06,Robo a transeúnte en vía pública con violencia,ANGEL,primera
2024-06-23,Robo a transeúnte en vía pública con violencia,ANGEL,segunda
2024-01-29,Robo a transeúnte en vía pública con violencia,ANGEL,primera
2024-02-12,Robo a transeúnte en vía pública con violencia,ANGEL,primera
2024-05-29,Robo a repartidor con y sin violencia,ANGEL,segunda
2024-06-24,Robo de vehículo sin violencia,ASTURIAS,segunda
2024-05-10,Robo de vehículo sin violencia,ASTURIAS,segunda
2024-01-31,Robo de vehículo sin violencia,ASTURIAS,primera
2024-02-29,Robo a transeúnte en vía pública con violencia,ASTURIAS,primera
2024-04-23,Robo de vehículo sin violencia,ASTURIAS,segunda
2024-06-19,Homicidio doloso,ASTURIAS,segunda
2024-03-01,Lesiones dolosas por disparo de arma de fuego,ASTURIAS,primera
2024-04-29,Robo a transeúnte en vía pública con violencia,ASTURIAS,segunda
2024-06-10,Robo de vehículo sin violencia,ANGEL,segunda
2024-06-14,Robo a transeúnte en vía pública con violencia,ANGEL,segunda
2024-06-14,Robo de vehículo sin violencia,ANGEL,segunda
2024-02-08,Robo de vehículo sin violencia,ANGEL,primera
2024-06-04,Homicidio doloso,ASTURIAS,segunda
2024-06-17,Robo a transeúnte en vía pública con violencia,ASTURIAS,segunda
2024-05-24,Robo de vehículo sin violencia,ASTURIAS,segunda
2024-05-08,Robo a transeúnte en vía pública con violencia,ASTURIAS,segunda
2024-02-10,Robo de vehículo con violencia,ASTURIAS,primera
2024-01-08,Robo a transeúnte en vía pública con violencia,ASTURIAS,primera
2024-02-18,Robo a transeúnte en vía pública con violencia,ASTURIAS,primera
2024-01-10,Robo a negocio con violencia,ASTURIAS,primera
2024-04-17,Robo a negocio con violencia,ASTURIAS,segunda
2024-06-24,Robo a repartidor con y sin violencia,ASTURIAS,segunda
2024-04-26,Robo de vehículo sin violencia,ASTURIAS,segunda
2024-03-04,Robo de vehículo sin violencia,ASTURIAS,primera
2024-05-28,Robo a transeúnte en vía pública con violencia,ASTURIAS,segunda
2024-04-29,Robo a transeúnte en vía pública con violencia,ASTURIAS,segunda
2024-05-07,Robo de vehículo con violencia,ASTURIAS,segunda
2024-02-29,Robo a transeúnte en vía pública con violencia,ASTURIAS,primera
2024-02-21,Robo a transeúnte en vía pública con violencia,ASTURIAS,primera
2024-06-01,Robo a transeúnte en vía pública con violencia,ASTURIAS,segunda
2024-03-30,Robo a transeúnte en vía pública con violencia,ASTURIAS,primera
2024-02-29,Robo a transeúnte en vía pública con violencia,ASTURIAS,primera
2024-06-03,Robo a transeúnte en vía pública con violencia,ASTURIAS,segunda
2024-01-07,Robo a transeúnte en vía pública con violencia,ASTURIAS,primera
2024-02-15,Robo a transeúnte en vía pública con violencia,ASTURIAS,primera
2024-04-15,Robo a transeúnte en vía pública con violencia,ASTURIAS,segunda
2024-03-07,Robo a transeúnte en vía pública con violencia,ASTURIAS,primera
2024-05-11,Robo a transeúnte en vía pública con violencia,ASTURIAS,segunda
2024-03-17,Robo de vehículo sin violencia,ASTURIAS,primera
2024-04-01,Lesiones dolosas por disparo de arma de fuego,ASTURIAS,segunda
2024-04-09,Robo a transeúnte en vía pública con violencia,ASTURIAS,segunda
2024-05-08,Robo de vehículo sin violencia,ASTURIAS,segunda
2024-01-12,Robo a transeúnte en vía pública con violencia,ASTURIAS,primera
2024-02-17,Robo a transeúnte en vía pública con violencia,ASTURIAS,primera
2024-03-11,Robo a transeúnte en vía pública con violencia,ANGEL,primera
2024-06-21,Robo a transeúnte en vía pública con violencia,ANGEL,segunda
2024-04-29,Robo a transeúnte en vía pública con violencia,ANGEL,segunda
2024-05-06,Robo de vehículo sin violencia,ANGEL,segunda
2024-05-08,Robo a transeúnte en vía pública con violencia,ANGEL,segunda
2024-02-11,Robo de vehículo sin violencia,ANGEL,primera
2024-01-11,Robo de vehículo sin violencia,ASTURIAS,primera
2024-01-08,Robo a transeúnte en vía pública con violencia,ASTURIAS,primera
2024-01-03,Robo de vehículo sin violencia,ASTURIAS,primera
2024-02-27,Robo a transeúnte en vía pública con violencia,ASTURIAS,primera
2024-02-28,Robo a transeúnte en vía pública con violencia,ASTURIAS,primera
2024-05-13,Robo de vehículo sin violencia,ASTURIAS,segunda
2024-02-02,Robo a transeúnte en vía pública con violencia,ASTURIAS,primera
2024-06-10,Robo de vehículo sin violencia,ASTURIAS,segunda
2024-05-08,Robo a negocio con violencia,ASTURIAS,segunda
2024-05-02,Robo de vehículo sin violencia,ASTURIAS,segunda
2024-06-17,Robo a transeúnte en vía pública con violencia,ASTURIAS,segunda
2024-06-02,Robo de vehículo sin violencia,ASTURIAS,segunda
2024-06-20,Robo a transeúnte en vía pública con violencia,ASTURIAS,segunda
2024-02-16,Robo a transeúnte en vía pública con violencia,ASTURIAS,primera
2024-03-11,Robo a transeúnte en vía pública con violencia,ASTURIAS,primera
2024-04-05,Robo a repartidor con y sin violencia,ASTURIAS,segunda
2024-03-08,Robo a transeúnte en vía pública con violencia,ASTURIAS,primera
2024-03-03,Robo de vehículo sin violencia,ASTURIAS,primera
2024-02-19,Robo de vehículo sin violencia,ASTURIAS,primera
2024-05-27,Robo a negocio con violencia,ASTURIAS,segunda
2024-03-27,Robo a transeúnte en vía pública con violencia,ASTURIAS,primera
2024-01-15,Robo de vehículo con violencia,ASTURIAS,primera
2024-04-26,Robo de vehículo sin violencia,ASTURIAS,segunda
2024-06-06,Robo a cuentahabiente saliendo del cajero con violencia,ASTURIAS,segunda
2024-02-01,Robo a transeúnte en vía pública con violencia,ASTURIAS,primera
2024-04-15,Robo a transeúnte en vía pública con violencia,ASTURIAS,segunda
2024-02-23,Homicidio doloso,ASTURIAS,primera
2024-05-22,Robo a transeúnte en vía pública con violencia,ASTURIAS,segunda
2024-01-30,Robo a transeúnte en vía pública con violencia,ASTURIAS,primera
2024-02-18,Robo a transeúnte en vía pública con violencia,ASTURIAS,primera
2024-02-22,Robo de vehículo sin violencia,ASTURIAS,primera
2024-01-08,Robo a transeúnte en vía pública con violencia,ASTURIAS,primera
2024-05-27,Robo a transeúnte en vía pública con violencia,ASTURIAS,segunda
2024-04-19,Robo a transeúnte en vía pública con violencia,ASTURIAS,segunda
2024-02-18,Robo a transeúnte en vía pública con violencia,ASTURIAS,primera
2024-02-28,Robo a transeúnte en vía pública con violencia,ASTURIAS,primera
2024-05-14,Robo a transeúnte en vía pública con violencia,ASTURIAS,segunda
2024-01-25,Robo a transeúnte en vía pública con violencia,ASTURIAS,primera
2024-03-03,Robo a transeúnte en vía pública con violencia,ASTURIAS,primera
2024-02-19,Robo a transeúnte en vía pública con violencia,ASTURIAS,primera
2024-01-24,Robo a transeúnte en vía pública con violencia,ASTURIAS,primera
2024-02-29,Robo a transeúnte en vía pública con violencia,ASTURIAS,primera
2024-05-27,Robo a transeúnte en vía pública con violencia,ASTURIAS,segunda
2024-06-19,Robo de vehículo sin violencia,ASTURIAS,segunda
2024-05-27,Robo a transeúnte en vía pública con violencia,ASTURIAS,segunda
2024-05-24,Robo a transeúnte en vía pública con violencia,ASTURIAS,segunda
2024-04-28,Robo a transeúnte en vía pública con violencia,ASTURIAS,segunda
2024-03-03,Robo a negocio con violencia,ASTURIAS,primera
2024-01-30,Robo a pasajero a bordo de microbús con y sin violencia,ASTURIAS,primera
2024-02-29,Robo a pasajero a bordo de microbús con y sin violencia,ASTURIAS,primera
2024-02-26,Homicidio doloso,ASTURIAS,primera
2024-04-30,Robo a transeúnte en vía pública con violencia,ASTURIAS,segunda
2024-01-13,Robo de vehículo sin violencia,ASTURIAS,primera
2024-03-11,Robo a transeúnte en vía pública con violencia,ASTURIAS,primera
2024-06-10,Robo a negocio con violencia,ASTURIAS,segunda
2024-06-08,Homicidio doloso,ASTURIAS,segunda
2024-05-22,Robo a pasajero a bordo de microbús con y sin violencia,ASTURIAS,segunda
2024-01-09,Robo a negocio con violencia,ASTURIAS,primera
2024-03-16,Robo a negocio con violencia,ASTURIAS,primera
2024-06-19,Robo a transeúnte en vía pública con violencia,BUENAVISTA,segunda
2024-03-31,Robo a transeúnte en vía pública con violencia,BUENAVISTA,primera
2024-04-09,Robo de vehículo sin violencia,BUENAVISTA,segunda
2024-03-08,Robo a transeúnte en vía pública con violencia,BUENAVISTA,primera
2024-06-05,Robo de vehículo sin violencia,BUENAVISTA,segunda
2024-03-31,Robo a transeúnte en vía pública con violencia,BUENAVISTA,primera
2024-01-04,Robo a transeúnte en vía pública con violencia,BUENAVISTA,primera
2024-04-22,Robo a transeúnte en vía pública con violencia,BUENAVISTA,segunda
2024-01-16,Robo a transeúnte en vía pública con violencia,BUENAVISTA,primera
2024-03-28,Robo a transeúnte en vía pública con violencia,BUENAVISTA,primera
2024-04-15,Robo a transeúnte en vía pública con violencia,BUENAVISTA,segunda
2024-04-11,Robo a transeúnte en vía pública con violencia,BUENAVISTA,segunda
2024-02-19,Robo a transeúnte en vía pública con violencia,BUENAVISTA,primera
2024-03-15,Robo a transeúnte en vía pública con violencia,BUENAVISTA,primera
2024-03-07,Robo a transeúnte en vía pública con violencia,BUENAVISTA,primera
2024-06-07,Robo de vehículo sin violencia,BUENAVISTA,segunda
2024-05-26,Robo de vehículo sin violencia,BUENAVISTA,segunda
2024-05-25,Robo a transeúnte en vía pública con violencia,BUENAVISTA,segunda
2024-06-18,Robo a negocio con violencia,BUENAVISTA,segunda
2024-02-24,Homicidio doloso,BUENAVISTA,primera
2024-06-13,Robo a transeúnte en vía pública con violencia,BUENAVISTA,segunda
2024-01-30,Robo a transeúnte en vía pública con violencia,BUENAVISTA,primera
2024-01-11,Robo a transeúnte en vía pública con violencia,BUENAVISTA,primera
2024-03-31,Robo a transeúnte en vía pública con violencia,BUENAVISTA,primera
2024-03-22,Robo de vehículo sin violencia,BUENAVISTA,primera
2024-02-23,Robo de vehículo sin violencia,BUENAVISTA,primera
2024-02-21,Robo a transeúnte en vía pública con violencia,BUENAVISTA,primera
2024-01-04,Robo de vehículo sin violencia,BUENAVISTA,primera
2024-06-03,Robo de vehículo sin violencia,BUENAVISTA,segunda
2024-01-16,Robo a transeúnte en vía pública con violencia,BUENAVISTA,primera
2024-02-19,Robo a transeúnte en vía pública con violencia,BUENAVISTA,primera
2024-03-13,Robo a negocio con violencia,BUENAVISTA,primera
2024-03-30,Robo a transeúnte en vía pública con violencia,BUENAVISTA,primera
2024-05-04,Robo a transeúnte en vía pública con violencia,BUENAVISTA,segunda
2024-03-31,Robo a repartidor con y sin violencia,ASTURIAS,primera
2024-06-01,Robo a transeúnte en vía pública con violencia,ASTURIAS,segunda
2024-01-20,Robo a transeúnte en vía pública con violencia,BUENAVISTA,primera
2024-01-08,Robo de vehículo sin violencia,BUENAVISTA,primera
2024-05-07,Robo de vehículo con violencia,BUENAVISTA,segunda
2024-05-07,Robo a negocio con violencia,BUENAVISTA,segunda
2024-03-08,Robo a transeúnte en vía pública con violencia,ASTURIAS,primera
2024-04-03,Robo a transeúnte en vía pública con violencia,BUENAVISTA,segunda
2024-06-14,Robo a transeúnte en vía pública con violencia,BUENAVISTA,segunda
2024-01-02,Robo a transeúnte en vía pública con violencia,BUENAVISTA,primera
2024-05-30,Robo a transeúnte en vía pública con violencia,BUENAVISTA,segunda
2024-02-02,Robo a transeúnte en vía pública con violencia,BUENAVISTA,primera
2024-03-08,Robo de vehículo sin violencia,BUENAVISTA,primera
2024-02-05,Homicidio doloso,BUENAVISTA,primera
2024-06-07,Robo a transeúnte en vía pública con violencia,BUENAVISTA,segunda
2024-03-31,Robo a transeúnte en vía pública con violencia,BUENAVISTA,primera
2024-02-19,Robo a transeúnte en vía pública con violencia,BUENAVISTA,primera
2024-02-08,Robo de vehículo sin violencia,BUENAVISTA,primera
2024-01-17,Homicidio doloso,BUENAVISTA,primera
2024-01-22,Robo a transeúnte en vía pública con violencia,BUENAVISTA,primera
2024-01-21,Robo a transeúnte en vía pública con violencia,BUENAVISTA,primera
2024-04-07,Robo de vehículo sin violencia,BUENAVISTA,segunda
2024-02-17,Robo de vehículo sin violencia,BUENAVISTA,primera
2024-06-05,Robo a casa habitación con violencia,BUENAVISTA,segunda
2024-03-10,Robo de vehículo sin violencia,BUENAVISTA,primera
2024-05-30,Robo a transeúnte en vía pública con violencia,BUENAVISTA,segunda
2024-05-30,Robo a transeúnte en vía pública con violencia,BUENAVISTA,segunda
2024-01-26,Robo de vehículo sin violencia,BUENAVISTA,primera
2024-02-24,Robo de vehículo sin violencia,BUENAVISTA,primera
2024-02-16,Robo a transeúnte en vía pública con violencia,BUENAVISTA,primera
2024-06-04,Robo a transeúnte en vía pública con violencia,BUENAVISTA,segunda
2024-02-13,Robo de vehículo sin violencia,BUENAVISTA,primera
2024-01-27,Robo a negocio con violencia,BUENAVISTA,primera
2024-05-04,Robo de vehículo con violencia,BUENAVISTA,segunda
2024-03-30,Robo a pasajero a bordo del metro con violencia,BUENAVISTA,primera
2024-04-15,Robo de vehículo sin violencia,BUENAVISTA,segunda
2024-06-04,Robo a negocio con violencia,BUENAVISTA,segunda
2024-02-29,Robo a repartidor con y sin violencia,BUENAVISTA,primera
2024-02-08,Robo a negocio con violencia,BUENAVISTA,primera
2024-05-16,Robo a negocio con violencia,BUENAVISTA,segunda
2024-05-21,Robo de vehículo sin violencia,BUENAVISTA,segunda
2024-05-30,Robo a transeúnte en vía pública con violencia,BUENAVISTA,segunda
2024-06-14,Robo a transeúnte en vía pública con violencia,BUENAVISTA,segunda
2024-04-30,Robo a transeúnte en vía pública con violencia,BUENAVISTA,segunda
2024-05-08,Robo a transeúnte en vía pública con violencia,BUENAVISTA,segunda
2024-03-31,Robo a transeúnte en vía pública con violencia,BUENAVISTA,primera
2024-05-27,Robo a transeúnte en vía pública con violencia,CENTRO,segunda
2024-01-27,Robo a transeúnte en vía pública con violencia,CENTRO,primera
2024-03-31,Robo a transeúnte en vía pública con violencia,CENTRO,primera
2024-01-29,Robo a negocio con violencia,CENTRO,primera
2024-05-10,Robo a transeúnte en vía pública con violencia,BUENAVISTA,segunda
2024-01-04,Robo a transeúnte en vía pública con violencia,BUENAVISTA,primera
2024-03-31,Robo a transeúnte en vía pública con violencia,BUENAVISTA,primera
2024-04-02,Robo a transeúnte en vía pública con violencia,BUENAVISTA,segunda
2024-03-14,Robo a transeúnte en vía pública con violencia,BUENAVISTA,primera
2024-06-09,Homicidio doloso,BUENAVISTA,segunda
2024-02-23,Robo de vehículo sin violencia,BUENAVISTA,primera
2024-05-17,Robo de vehículo sin violencia,BUENAVISTA,segunda
2024-06-05,Robo de vehículo sin violencia,BUENAVISTA,segunda
2024-04-29,Robo a transeúnte en vía pública con violencia,BUENAVISTA,segunda
2024-02-21,Robo a transeúnte en vía pública con violencia,BUENAVISTA,primera
2024-04-09,Robo a transeúnte en vía pública con violencia,BUENAVISTA,segunda
2024-05-02,Robo a transeúnte en vía pública con violencia,BUENAVISTA,segunda
2024-01-18,Homicidio doloso,BUENAVISTA,primera
2024-03-24,Robo de vehículo sin violencia,BUENAVISTA,primera
2024-03-29,Robo a transeúnte en vía pública con violencia,CENTRO,primera
2024-05-27,Robo a transeúnte en vía pública con violencia,CENTRO,segunda
2024-04-29,Robo a transeúnte en vía pública con violencia,CENTRO,segunda
2024-05-01,Robo de vehículo sin violencia,CENTRO,segunda
2024-03-30,Robo a repartidor con y sin violencia,CENTRO,primera
2024-05-27,Homicidio doloso,CENTRO,segunda
2024-01-11,Robo a transeúnte en vía pública con violencia,CENTRO,primera
2024-01-12,Robo a transeúnte en vía pública con violencia,CENTRO,primera
2024-01-18,Robo a transeúnte en vía pública con violencia,CENTRO,primera
2024-01-07,Robo a transeúnte en vía pública con violencia,CENTRO,primera
2024-06-05,Robo a transeúnte en vía pública con violencia,CENTRO,segunda
2024-02-13,Homicidio doloso,CENTRO,primera
2024-04-28,Robo de vehículo sin violencia,CENTRO,segunda
2024-05-15,Robo a transeúnte en vía pública con violencia,CENTRO,segunda
2024-03-27,Robo a transeúnte en vía pública con violencia,CENTRO,primera
2024-01-07,Robo a transeúnte en vía pública con violencia,CENTRO,primera
2024-05-28,Robo a transeúnte en vía pública con violencia,CENTRO,segunda
2024-06-19,Robo de vehículo con violencia,CENTRO,segunda
2024-05-16,Robo de vehículo sin violencia,CENTRO,segunda
2024-05-21,Robo a transeúnte en vía pública con violencia,CENTRO,segunda
2024-04-08,Robo a transeúnte en vía pública con violencia,CENTRO,segunda
2024-05-30,Robo de vehículo con violencia,CENTRO,segunda
2024-02-08,Robo a transeúnte en vía pública con violencia,CENTRO,primera
2024-02-15,Robo a transeúnte en vía pública con violencia,CENTRO,primera
2024-01-15,Lesiones dolosas por disparo de arma de fuego,CENTRO,primera
2024-05-24,Homicidio doloso,CENTRO,segunda
2024-02-20,Homicidio doloso,CENTRO,primera
2024-06-14,Robo a transeúnte en vía pública con violencia,CENTRO,segunda
2024-05-03,Robo a transeúnte en vía pública con violencia,CENTRO,segunda
2024-04-26,Robo a transeúnte en vía pública con violencia,CENTRO,segunda
2024-06-18,Robo de vehículo sin violencia,CENTRO,segunda
2024-04-30,Robo a transeúnte en vía pública con violencia,CENTRO,segunda
2024-06-14,Robo a transeúnte en vía pública con violencia,CENTRO,segunda
2024-04-29,Robo a transeúnte en vía pública con violencia,CENTRO,segunda
2024-02-16,Robo de vehículo con violencia,CENTRO,primera
2024-05-27,Robo a transeúnte en vía pública con violencia,CENTRO,segunda
2024-02-25,Robo a transeúnte en vía pública con violencia,CENTRO,primera
2024-03-20,Robo de vehículo sin violencia,CENTRO,primera
2024-05-26,Robo a transeúnte en vía pública con violencia,CENTRO,segunda
2024-05-27,Robo a repartidor con y sin violencia,CENTRO,segunda
2024-01-13,Robo a transeúnte en vía pública con violencia,CENTRO,primera
2024-04-29,Robo a transeúnte en vía pública con violencia,CENTRO,segunda
2024-06-24,Robo a transeúnte en vía pública con violencia,MORELOS,segunda
2024-06-10,Robo de vehículo sin violencia,MORELOS,segunda
2024-04-25,Robo a transeúnte en vía pública con violencia,MORELOS,segunda
2024-01-16,Robo a transeúnte en vía pública con violencia,MORELOS,primera
2024-06-09,Homicidio doloso,MORELOS,segunda
2024-03-10,Homicidio doloso,MORELOS,primera
2024-05-25,Robo a transeúnte en vía pública con violencia,MORELOS,segunda
2024-04-28,Robo a transeúnte en vía pública con violencia,MORELOS,segunda
2024-01-23,Robo a transeúnte en vía pública con violencia,MORELOS,primera
2024-02-01,Robo a transeúnte en vía pública con violencia,MORELOS,primera
2024-01-01,Robo a transeúnte en vía pública con violencia,MORELOS,primera
2024-02-27,Robo de vehículo con violencia,MORELOS,primera
2024-02-20,Robo a transeúnte en vía pública con violencia,MORELOS,primera
2024-05-19,Robo a transeúnte en vía pública con violencia,MORELOS,segunda
2024-06-12,Robo de vehículo sin violencia,MORELOS,segunda
2024-01-20,Homicidio doloso,MORELOS,primera
2024-02-05,Homicidio doloso,MORELOS,primera
2024-01-12,Homicidio doloso,MORELOS,primera
2024-04-30,Robo a transeúnte en vía pública con violencia,MORELOS,segunda
2024-05-10,Robo a transeúnte en vía pública con violencia,MORELOS,segunda
2024-05-30,Robo a transeúnte en vía pública con violencia,MORELOS,segunda
2024-06-14,Robo a transeúnte en vía pública con violencia,MORELOS,segunda
2024-05-20,Robo de vehículo sin violencia,MORELOS,segunda
2024-02-13,Robo de vehículo con violencia,MORELOS,primera
2024-02-25,Homicidio doloso,MORELOS,primera
2024-06-01,Homicidio doloso,MORELOS,segunda
2024-05-20,Robo a transeúnte en vía pública con violencia,ROMA,segunda
2024-05-02,Robo de vehículo sin violencia,ROMA,segunda
2024-03-24,Robo a transeúnte en vía pública con violencia,ROMA,primera
2024-03-24,Robo de vehículo sin violencia,ROMA,primera
2024-06-07,Robo a pasajero a bordo de taxi con violencia,ROMA,segunda
2024-06-22,Robo a transeúnte en vía pública con violencia,CENTRO,segunda
2024-05-28,Robo a transeúnte en vía pública con violencia,CENTRO,segunda
2024-04-26,Robo a repartidor con y sin violencia,CENTRO,segunda
2024-04-30,Robo a transeúnte en vía pública con violencia,CENTRO,segunda
2024-01-21,Robo a transeúnte en vía pública con violencia,CENTRO,primera
2024-05-25,Robo de vehículo sin violencia,ROMA,segunda
2024-05-29,Robo de vehículo sin violencia,ROMA,segunda
2024-03-30,Robo de vehículo sin violencia,ROMA,primera
2024-03-21,Robo a transeúnte en vía pública con violencia,ROMA,primera
2024-01-20,Homicidio doloso,ROMA,primera
2024-05-31,Robo de vehículo sin violencia,ROMA,segunda
2024-06-12,Robo a transeúnte en vía pública con violencia,ROMA,segunda
2024-02-21,Robo a transeúnte en vía pública con violencia,ROMA,primera
2024-06-28,Robo a pasajero a bordo del metro con violencia,ROMA,segunda
2024-01-11,Robo a transeúnte en vía pública con violencia,ROMA,primera
2024-02-19,Robo a transeúnte en vía pública con violencia,ROMA,primera
2024-03-14,Robo a transeúnte en vía pública con violencia,ROMA,primera
2024-02-24,Robo a negocio con violencia,CENTRO,primera
2024-03-18,Robo a cuentahabiente saliendo del cajero con violencia,MORELOS,primera
2024-02-07,Robo de vehículo sin violencia,MORELOS,primera
2024-02-15,Robo de vehículo con violencia,MORELOS,primera
2024-01-05,Robo a transeúnte en vía pública con violencia,MORELOS,primera
2024-04-29,Robo de vehículo sin violencia,ROMA,segunda
2024-04-20,Robo de vehículo sin violencia,ROMA,segunda
2024-06-07,Robo a transeúnte en vía pública con violencia,ROMA,segunda
2024-04-06,Robo de vehículo sin violencia,ROMA,segunda
2024-02-24,Robo a transeúnte en vía pública con violencia,ROMA,primera
2024-05-20,Robo de vehículo sin violencia,ROMA,segunda
2024-02-27,Robo a transeúnte en vía pública con violencia,ROMA,primera
2024-01-10,Robo de vehículo con violencia,ROMA,primera
2024-05-03,Robo a negocio con violencia,ROMA,segunda
2024-04-23,Robo a negocio con violencia,ROMA,segunda
2024-02-16,Robo a transeúnte en vía pública con violencia,ROMA,primera
2024-04-19,Robo de vehículo sin violencia,ROMA,segunda
2024-04-24,Robo de vehículo sin violencia,ROMA,segunda
2024-04-23,Robo de vehículo con violencia,ROMA,segunda
2024-01-24,Robo a transeúnte en vía pública con violencia,ROMA,primera
2024-05-31,Robo de vehículo sin violencia,TLATELOLCO,segunda
2024-06-25,Robo a transeúnte en vía pública con violencia,TLATELOLCO,segunda
2024-06-25,Robo a transeúnte en vía pública con violencia,TLATELOLCO,segunda
2024-01-30,Robo a transeúnte en vía pública con violencia,TLATELOLCO,primera
2024-04-20,Robo de vehículo sin violencia,TLATELOLCO,segunda
2024-03-07,Robo a transeúnte en vía pública con violencia,TLATELOLCO,primera
2024-02-13,Robo a negocio con violencia,ROMA,primera
2024-04-19,Robo de vehículo sin violencia,ROMA,segunda
2024-06-01,Robo a transeúnte en vía pública con violencia,ROMA,segunda
2024-05-07,Robo a transeúnte en vía pública con violencia,ROMA,segunda
2024-05-11,Robo a transeúnte en vía pública con violencia,ROMA,segunda
2024-01-20,Robo de vehículo sin violencia,ROMA,primera
2024-01-05,Robo a transeúnte en vía pública con violencia,ROMA,primera
2024-03-12,Robo de vehículo sin violencia,ROMA,primera
2024-05-06,Robo a transeúnte en vía pública con violencia,ROMA,segunda
2024-04-16,Robo a transeúnte en vía pública con violencia,ROMA,segunda
2024-06-13,Robo de vehículo sin violencia,ROMA,segunda
2024-06-02,Robo a transeúnte en vía pública con violencia,ROMA,segunda
2024-06-09,Robo de vehículo sin violencia,ROMA,segunda
2024-06-13,Robo de vehículo con violencia,ROMA,segunda
2024-04-05,Robo a transeúnte en vía pública con violencia,ROMA,segunda
2024-04-13,Robo a transeúnte en vía pública con violencia,ROMA,segunda
2024-02-19,Robo a transeúnte en vía pública con violencia,ROMA,primera
2024-05-01,Robo de vehículo sin violencia,ROMA,segunda
2024-01-19,Robo a transeúnte en vía pública con violencia,ROMA,primera
2024-06-22,Robo a transeúnte en vía pública con violencia,ROMA,segunda
2024-06-14,Robo a transeúnte en vía pública con violencia,ROMA,segunda
2024-01-18,Robo de vehículo sin violencia,ROMA,primera
2024-03-13,Robo de vehículo sin violencia,ROMA,primera
2024-01-16,Robo a transeúnte en vía pública con violencia,ROMA,primera
2024-03-16,Robo de vehículo con violencia,ROMA,primera
2024-05-23,Robo de vehículo sin violencia,ROMA,segunda
2024-02-16,Robo a transeúnte en vía pública con violencia,ROMA,primera
2024-03-18,Robo a transeúnte en vía pública con violencia,ROMA,primera
2024-06-06,Robo a transeúnte en vía pública con violencia,ROMA,segunda
2024-06-12,Robo a transeúnte en vía pública con violencia,ROMA,segunda
2024-04-01,Robo de vehículo sin violencia,ROMA,segunda
2024-04-14,Robo de vehículo sin violencia,ROMA,segunda
2024-06-11,Robo a negocio con violencia,ROMA,segunda
2024-04-12,Robo de vehículo sin violencia,ROMA,segunda
2024-04-30,Robo de vehículo sin violencia,TLATELOLCO,segunda
2024-06-17,Robo a negocio con violencia,ROMA,segunda
2024-06-26,Robo a transeúnte en vía pública con violencia,TLATELOLCO,segunda
2024-01-04,Robo de vehículo sin violencia,ROMA,primera
2024-05-14,Robo a transeúnte en vía pública con violencia,ROMA,segunda
2024-03-06,Robo de vehículo sin violencia,ROMA,primera
2024-04-08,Robo a negocio con violencia,ROMA,segunda
2024-01-18,Robo de vehículo sin violencia,ROMA,primera
2024-04-19,Robo de vehículo sin violencia,ROMA,segunda
2024-04-08,Robo de vehículo sin violencia,ROMA,segunda
2024-06-11,Robo a transeúnte en vía pública con violencia,ROMA,segunda
2024-02-01,Robo a transeúnte en vía pública con violencia,ROMA,primera
2024-01-06,Robo a transeúnte en vía pública con violencia,ROMA,primera
2024-06-14,Robo a transeúnte en vía pública con violencia,ROMA,segunda
2024-03-22,Robo a transeúnte en vía pública con violencia,TLATELOLCO,primera
2024-04-14,Robo a transeúnte en vía pública con violencia,TLATELOLCO,segunda
2024-02-12,Robo a transeúnte en vía pública con violencia,ROMA,primera
2024-05-26,Robo a transeúnte en vía pública con violencia,ROMA,segunda
2024-06-13,Robo de vehículo sin violencia,ROMA,segunda
2024-02-20,Robo a transeúnte en vía pública con violencia,ROMA,primera
2024-03-30,Robo a transeúnte en vía pública con violencia,TLATELOLCO,primera
2024-04-20,Robo de vehículo sin violencia,TLATELOLCO,segunda
2024-03-12,Robo a transeúnte en vía pública con violencia,TLATELOLCO,primera
2024-03-18,Robo a transeúnte en vía pública con violencia,ROMA,primera
2024-03-23,Robo a transeúnte en vía pública con violencia,ROMA,primera
2024-02-23,Robo a transeúnte en vía pública con violencia,ROMA,primera
2024-03-13,Robo a transeúnte en vía pública con violencia,ROMA,primera
2024-03-10,Robo a transeúnte en vía pública con violencia,ROMA,primera
2024-03-09,Robo a transeúnte en vía pública con violencia,ROMA,primera
2024-02-28,Robo de vehículo sin violencia,ROMA,primera
2024-04-26,Robo a transeúnte en vía pública con violencia,TLATELOLCO,segunda
2024-06-01,Robo a negocio con violencia,TLATELOLCO,segunda
2024-03-27,Robo a transeúnte en vía pública con violencia,TLATELOLCO,primera
2024-04-14,Robo a transeúnte en vía pública con violencia,TLATELOLCO,segunda
2024-02-08,Robo a pasajero a bordo de taxi con violencia,TLATELOLCO,primera
2024-02-28,Robo a transeúnte en vía pública con violencia,TLATELOLCO,primera
2024-06-26,Robo a transeúnte en vía pública con violencia,TLATELOLCO,segunda
2024-03-04,Robo de vehículo sin violencia,TLATELOLCO,primera
2024-01-11,Robo de vehículo sin violencia,TLATELOLCO,primera
2024-01-12,Robo a transeúnte en vía pública con violencia,TLATELOLCO,primera
2024-04-20,Robo a negocio con violencia,TLATELOLCO,segunda
2024-03-11,Robo a transeúnte en vía pública con violencia,TLATELOLCO,primera
2024-04-24,Robo a pasajero a bordo de microbús con y sin violencia,TLATELOLCO,segunda
2024-05-04,Robo de vehículo sin violencia,TLATELOLCO,segunda
2024-05-13,Robo a transeúnte en vía pública con violencia,TLATELOLCO,segunda
2024-01-30,Robo a transeúnte en vía pública con violencia,TLATELOLCO,primera
2024-01-31,Robo a transeúnte en vía pública con violencia,TLATELOLCO,primera
2024-03-31,Robo a transeúnte en vía pública con violencia,TLATELOLCO,primera
2024-02-03,Robo a transeúnte en vía pública con violencia,TLATELOLCO,primera
2024-03-01,Robo de vehículo sin violencia,TLATELOLCO,primera
2024-02-19,Robo de vehículo sin violencia,TLATELOLCO,primera
2024-06-10,Robo a transeúnte en vía pública con violencia,TLATELOLCO,segunda
2024-02-15,Robo a transeúnte en vía pública con violencia,TLATELOLCO,primera
2024-04-17,Robo a transeúnte en vía pública con violencia,TLATELOLCO,segunda
2024-03-19,Robo de vehículo con violencia,TLATELOLCO,primera
2024-05-13,Homicidio doloso,TLATELOLCO,segunda
2024-01-07,Robo a transeúnte en vía pública con violencia,TLATELOLCO,primera
2024-02-13,Robo a repartidor con y sin violencia,TLATELOLCO,primera
2024-02-15,Robo a transeúnte en vía pública con violencia,TLATELOLCO,primera
2024-01-10,Robo a transeúnte en vía pública con violencia,TLATELOLCO,primera
2024-04-14,Robo a transeúnte en vía pública con violencia,TLATELOLCO,segunda
2024-03-20,Robo de vehículo sin violencia,TLATELOLCO,primera
2024-04-15,Robo a transeúnte en vía pública con violencia,TLATELOLCO,segunda
2024-03-15,Robo a transeúnte en vía pública con violencia,TLATELOLCO,primera
2024-06-26,Robo a transeúnte en vía pública con violencia,TLATELOLCO,segunda
2024-01-30,Robo a transeúnte en vía pública con violencia,TLATELOLCO,primera
2024-04-22,Robo a repartidor con y sin violencia,TLATELOLCO,segunda
2024-02-08,Lesiones dolosas por disparo de arma de fuego,TLATELOLCO,primera
2024-03-17,Robo a transeúnte en vía pública con violencia,ARAGON,primera
2024-04-14,Robo a transeúnte en vía pública con violencia,ARAGON,segunda
2024-01-27,Robo a transeúnte en vía pública con violencia,ARAGON,primera
2024-02-16,Robo a transeúnte en vía pública con violencia,ARAGON,primera
2024-04-25,Robo de vehículo sin violencia,ARAGON,segunda
2024-04-17,Robo a transeúnte en vía pública con violencia,ARAGON,segunda
2024-04-27,Robo a transeúnte en vía pública con violencia,ARAGON,segunda
2024-06-19,Robo a transeúnte en vía pública con violencia,ARAGON,segunda
2024-06-27,Robo a transeúnte en vía pública con violencia,ARAGON,segunda
2024-01-27,Robo a transeúnte en vía pública con violencia,ARAGON,primera
2024-03-09,Robo de vehículo sin violencia,ARAGON,primera
2024-03-05,Robo de vehículo sin violencia,ARAGON,primera
2024-04-08,Robo de vehículo sin violencia,ARAGON,segunda
2024-04-22,Robo a transeúnte en vía pública con violencia,ARAGON,segunda
2024-03-08,Robo a transeúnte en vía pública con violencia,ARAGON,primera
2024-03-20,Robo a negocio con violencia,TLATELOLCO,primera
2024-05-10,Homicidio doloso,TLATELOLCO,segunda
2024-05-10,Homicidio doloso,TLATELOLCO,segunda
2024-05-17,Robo a transeúnte en vía pública con violencia,TLATELOLCO,segunda
2024-05-16,Robo a transeúnte en vía pública con violencia,TLATELOLCO,segunda
2024-01-13,Robo de vehículo sin violencia,TLATELOLCO,primera
2024-04-08,Homicidio doloso,TLATELOLCO,segunda
2024-05-08,Robo de vehículo sin violencia,TLATELOLCO,segunda
2024-01-06,Robo a transeúnte en vía pública con violencia,TLATELOLCO,primera
2024-04-29,Robo a transeúnte en vía pública con violencia,TLATELOLCO,segunda
2024-03-30,Robo a transeúnte en vía pública con violencia,TLATELOLCO,primera
2024-04-19,Robo a transeúnte en vía pública con violencia,TLATELOLCO,segunda
2024-01-27,Robo a repartidor con y sin violencia,TLATELOLCO,primera
2024-02-16,Robo a transeúnte en vía pública con violencia,TLATELOLCO,primera
2024-02-27,Robo de vehículo sin violencia,ARAGON,primera
2024-02-07,Robo a transeúnte en vía pública con violencia,ARAGON,primera
2024-06-11,Robo a transeúnte en vía pública con violencia,ARAGON,segunda
2024-05-28,Robo a transeúnte en vía pública con violencia,ARAGON,segunda
2024-05-09,Robo de vehículo sin violencia,ARAGON,segunda
2024-06-07,Robo de vehículo sin violencia,ARAGON,segunda
2024-06-24,Robo a transeúnte en vía pública con violencia,ARAGON,segunda
2024-06-27,Robo a transeúnte en vía pública con violencia,ARAGON,segunda
2024-01-30,Robo de vehículo sin violencia,ARAGON,primera
2024-03-17,Robo a transeúnte en vía pública con violencia,ARAGON,primera
2024-03-21,Robo de vehículo sin violencia,ARAGON,primera
2024-01-26,Robo de vehículo sin violencia,ARAGON,primera
2024-06-20,Robo de vehículo sin violencia,ARAGON,segunda
2024-06-09,Robo de vehículo sin violencia,ARAGON,segunda
2024-03-16,Homicidio doloso,ARAGON,primera
2024-04-12,Robo a negocio con violencia,ARAGON,segunda
2024-03-25,Robo a negocio con violencia,ARAGON,primera
2024-05-07,Robo de vehículo sin violencia,ARAGON,segunda
2024-05-21,Robo a transeúnte en vía pública con violencia,ARAGON,segunda
2024-04-05,Robo a transeúnte en vía pública con violencia,ARAGON,segunda
2024-03-20,Robo de vehículo sin violencia,ARAGON,primera
2024-02-19,Robo de vehículo sin violencia,ARAGON,primera
2024-03-11,Robo de vehículo sin violencia,ARAGON,primera
2024-06-14,Lesiones dolosas por disparo de arma de fuego,ARAGON,segunda
2024-04-28,Robo a repartidor con y sin violencia,ARAGON,segunda
2024-02-07,Robo a negocio con violencia,ARAGON,primera
2024-05-02,Robo a transeúnte en vía pública con violencia,ARAGON,segunda
2024-02-13,Robo a transeúnte en vía pública con violencia,ARAGON,primera
2024-03-05,Robo de vehículo con violencia,ARAGON,primera
2024-01-28,Homicidio doloso,ARAGON,primera
2024-04-20,Robo de vehículo sin violencia,ARAGON,segunda
2024-05-03,Robo de vehículo sin violencia,ARAGON,segunda
2024-05-09,Robo de vehículo sin violencia,ARAGON,segunda
2024-05-15,Robo a negocio con violencia,ARAGON,segunda
2024-03-03,Robo a transeúnte en vía pública con violencia,CUCHILLA,primera
2024-02-24,Robo de vehículo con violencia,CUCHILLA,primera
2024-01-25,Robo a pasajero a bordo del metro con violencia,ARAGON,primera
2024-02-14,Robo de vehículo con violencia,ARAGON,primera
2024-01-25,Robo a transeúnte en vía pública con violencia,ARAGON,primera
2024-02-25,Robo a transeúnte en vía pública con violencia,ARAGON,primera
2024-01-18,Robo de vehículo sin violencia,ARAGON,primera
2024-03-03,Robo a transeúnte en vía pública con violencia,ARAGON,primera
2024-02-20,Robo a negocio con violencia,ARAGON,primera
2024-02-12,Robo a negocio con violencia,ARAGON,primera
2024-02-12,Robo a negocio con violencia,ARAGON,primera
2024-02-14,Robo a negocio con violencia,ARAGON,primera
2024-06-05,Robo a repartidor con y sin violencia,ARAGON,segunda
2024-04-12,Robo a transportista con y sin violencia,ARAGON,segunda
2024-03-06,Robo a pasajero a bordo de microbús con y sin violencia,ARAGON,primera
2024-04-09,Robo de vehículo sin violencia,CUCHILLA,segunda
2024-01-16,Robo a transeúnte en vía pública con violencia,ARAGON,primera
2024-04-09,Robo de vehículo sin violencia,ARAGON,segunda
2024-03-15,Robo de vehículo sin violencia,ARAGON,primera
2024-02-03,Robo de vehículo sin violencia,ARAGON,primera
2024-01-17,Robo de vehículo sin violencia,ARAGON,primera
2024-05-30,Robo de vehículo sin violencia,ARAGON,segunda
2024-02-06,Robo a transeúnte en vía pública con violencia,ARAGON,primera
2024-05-27,Robo de vehículo sin violencia,ARAGON,segunda
2024-04-20,Robo a transeúnte en vía pública con violencia,ARAGON,segunda
2024-05-23,Homicidio doloso,ARAGON,segunda
2024-01-19,Robo de vehículo sin violencia,ARAGON,primera
2024-06-25,Robo de vehículo sin violencia,ARAGON,segunda
2024-06-10,Robo de vehículo sin violencia,ARAGON,segunda
2024-05-04,Robo de vehículo sin violencia,ARAGON,segunda
2024-04-21,Robo de vehículo sin violencia,ARAGON,segunda
2024-05-15,Robo a negocio con violencia,ARAGON,segunda
2024-03-12,Robo a transeúnte en vía pública con violencia,ARAGON,primera
2024-02-08,Robo a negocio con violencia,ARAGON,primera
2024-06-07,Robo de vehículo sin violencia,ARAGON,segunda
2024-03-10,Robo a transeúnte en vía pública con violencia,ARAGON,primera
2024-03-10,Robo de vehículo con violencia,ARAGON,primera
2024-03-14,Robo de vehículo con violencia,ARAGON,primera
2024-03-09,Robo a transeúnte en vía pública con violencia,ARAGON,primera
2024-06-21,Robo a negocio con violencia,ARAGON,segunda
2024-06-07,Robo a negocio con violencia,ARAGON,segunda
2024-06-14,Robo de vehículo sin violencia,CUAUTEPEC,segunda
2024-01-20,Robo a transeúnte en vía pública con violencia,CUAUTEPEC,primera
2024-03-01,Robo de vehículo sin violencia,CUAUTEPEC,primera
2024-01-03,Robo a repartidor con y sin violencia,CUAUTEPEC,primera
2024-04-03,Robo de vehículo sin violencia,CUAUTEPEC,segunda
2024-06-18,Robo de vehículo sin violencia,CUAUTEPEC,segunda
2024-05-07,Lesiones dolosas por disparo de arma de fuego,ARAGON,segunda
2024-06-30,Robo de vehículo sin violencia,ARAGON,segunda
2024-02-02,Robo a transeúnte en vía pública con violencia,ARAGON,primera
2024-05-21,Robo a transeúnte en vía pública con violencia,ARAGON,segunda
2024-04-07,Robo de vehículo con violencia,ARAGON,segunda
2024-04-24,Robo de vehículo sin violencia,ARAGON,segunda
2024-04-23,Robo a transeúnte en vía pública con violencia,ARAGON,segunda
2024-01-17,Robo a transeúnte en vía pública con violencia,ARAGON,primera
2024-02-29,Robo a transeúnte en vía pública con violencia,ARAGON,primera
2024-05-07,Robo de vehículo sin violencia,ARAGON,segunda
2024-02-27,Robo a negocio con violencia,ARAGON,primera
2024-02-23,Robo a negocio con violencia,ARAGON,primera
2024-05-30,Robo a negocio con violencia,ARAGON,segunda
2024-01-12,Robo de vehículo sin violencia,CUAUTEPEC,primera
2024-02-15,Robo de vehículo con violencia,ARAGON,primera
2024-06-08,Robo a transeúnte en vía pública con violencia,ARAGON,segunda
2024-01-26,Robo de vehículo sin violencia,ARAGON,primera
2024-03-11,Robo a transeúnte en vía pública con violencia,ARAGON,primera
2024-03-08,Robo de vehículo sin violencia,ARAGON,primera
2024-06-24,Robo a casa habitación con violencia,ARAGON,segunda
2024-05-27,Robo a negocio con violencia,CUAUTEPEC,segunda
2024-06-18,Robo a pasajero a bordo de taxi con violencia,CUAUTEPEC,segunda
2024-06-25,Robo de vehículo con violencia,CUAUTEPEC,segunda
2024-05-04,Robo de vehículo sin violencia,CUAUTEPEC,segunda
2024-01-07,Robo de vehículo con violencia,CUAUTEPEC,primera
2024-06-11,Robo de vehículo sin violencia,CUAUTEPEC,segunda
2024-02-20,Robo a transeúnte en vía pública con violencia,CUAUTEPEC,primera
2024-01-07,Robo de vehículo sin violencia,CUAUTEPEC,primera
2024-02-12,Homicidio doloso,CUAUTEPEC,primera
2024-01-29,Robo a transeúnte en vía pública con violencia,CUAUTEPEC,primera
2024-02-17,Homicidio doloso,CUAUTEPEC,primera
2024-06-19,Robo de vehículo con violencia,CUCHILLA,segunda
2024-05-15,Robo de vehículo sin violencia,CUAUTEPEC,segunda
2024-04-21,Robo de vehículo sin violencia,CUAUTEPEC,segunda
2024-03-31,Robo a transeúnte en vía pública con violencia,CUAUTEPEC,primera
2024-05-05,Robo de vehículo sin violencia,CUAUTEPEC,segunda
2024-02-13,Robo a transeúnte en vía pública con violencia,CUAUTEPEC,primera
2024-03-06,Robo de vehículo sin violencia,CUAUTEPEC,primera
2024-05-17,Robo a transeúnte en vía pública con violencia,CUAUTEPEC,segunda
2024-02-22,Robo a transeúnte en vía pública con violencia,CUAUTEPEC,primera
2024-01-12,Homicidio doloso,CUAUTEPEC,primera
2024-04-05,Robo a transeúnte en vía pública con violencia,CUCHILLA,segunda
2024-06-17,Homicidio doloso,CUAUTEPEC,segunda
2024-05-20,Robo de vehículo sin violencia,CUAUTEPEC,segunda
2024-03-17,Robo de vehículo sin violencia,CUAUTEPEC,primera
2024-06-12,Robo de vehículo sin violencia,CUAUTEPEC,segunda
2024-04-02,Homicidio doloso,CUAUTEPEC,segunda
2024-02-29,Homicidio doloso,CUAUTEPEC,primera
2024-05-07,Robo a transeúnte en vía pública con violencia,CUAUTEPEC,segunda
2024-01-07,Robo de vehículo sin violencia,CUAUTEPEC,primera
2024-03-29,Robo de vehículo sin violencia,CUAUTEPEC,primera
2024-04-17,Robo a transeúnte en vía pública con violencia,CUAUTEPEC,segunda
2024-02-28,Robo a transeúnte en vía pública con violencia,CUAUTEPEC,primera
2024-06-19,Robo de vehículo sin violencia,CUAUTEPEC,segunda
2024-02-01,Robo de vehículo con violencia,CUAUTEPEC,primera
2024-06-07,Robo de vehículo sin violencia,CUAUTEPEC,segunda
2024-02-05,Robo de vehículo sin violencia,CUAUTEPEC,primera
2024-03-17,Robo de vehículo sin violencia,CUAUTEPEC,primera
2024-03-08,Robo de vehículo sin violencia,CUAUTEPEC,primera
2024-02-28,Robo a transeúnte en vía pública con violencia,CUAUTEPEC,primera
2024-01-03,Robo de vehículo sin violencia,CUAUTEPEC,primera
2024-05-24,Robo a negocio con violencia,CUAUTEPEC,segunda
2024-05-27,Homicidio doloso,CUAUTEPEC,segunda
2024-01-31,Robo a casa habitación con violencia,CUAUTEPEC,primera
2024-04-30,Robo de vehículo con violencia,CUAUTEPEC,segunda
2024-01-13,Robo de vehículo con violencia,CUAUTEPEC,primera
2024-04-27,Robo de vehículo sin violencia,CUAUTEPEC,segunda
2024-01-11,Robo de vehículo con violencia,CUAUTEPEC,primera
2024-01-21,Robo a transeúnte en vía pública con violencia,CUCHILLA,primera
2024-03-04,Robo de vehículo sin violencia,CUAUTEPEC,primera
2024-03-25,Robo de vehículo sin violencia,CUAUTEPEC,primera
2024-03-22,Robo a pasajero a bordo de taxi con violencia,CUAUTEPEC,primera
2024-06-09,Robo de vehículo sin violencia,CUAUTEPEC,segunda
2024-05-03,Robo de vehículo sin violencia,CUAUTEPEC,segunda
2024-01-18,Robo de vehículo sin violencia,CUAUTEPEC,primera
2024-02-24,Robo a transeúnte en vía pública con violencia,CUCHILLA,primera
2024-05-28,Robo de vehículo sin violencia,CUCHILLA,segunda
2024-05-20,Robo a transeúnte en vía pública con violencia,CUCHILLA,segunda
2024-06-29,Robo a transeúnte en vía pública con violencia,CUAUTEPEC,segunda
2024-02-12,Robo de vehículo sin violencia,CUAUTEPEC,primera
2024-01-27,Robo de vehículo con violencia,CUAUTEPEC,primera
2024-04-05,Homicidio doloso,CUAUTEPEC,segunda
2024-06-27,Robo de vehículo sin violencia,CUAUTEPEC,segunda
2024-01-05,Robo a casa habitación con violencia,CUAUTEPEC,primera
2024-03-25,Robo a transeúnte en vía pública con violencia,CUAUTEPEC,primera
2024-04-19,Robo a transeúnte en vía pública con violencia,CUAUTEPEC,segunda
2024-04-04,Robo de vehículo sin violencia,CUAUTEPEC,segunda
2024-05-23,Robo a transeúnte en vía pública con violencia,CUAUTEPEC,segunda
2024-04-19,Robo de vehículo sin violencia,CUAUTEPEC,segunda
2024-03-04,Robo a negocio con violencia,CUCHILLA,primera
2024-05-27,Robo de vehículo sin violencia,CUAUTEPEC,segunda
2024-06-14,Robo de vehículo con violencia,CUAUTEPEC,segunda
2024-01-20,Robo de vehículo sin violencia,CUAUTEPEC,primera
2024-05-15,Lesiones dolosas por disparo de arma de fuego,CUAUTEPEC,segunda
2024-04-20,Lesiones dolosas por disparo de arma de fuego,CUAUTEPEC,segunda
2024-01-31,Robo a transeúnte en vía pública con violencia,CUAUTEPEC,primera
2024-02-29,Robo de vehículo sin violencia,CUAUTEPEC,primera
2024-06-12,Robo de vehículo sin violencia,CUAUTEPEC,segunda
2024-05-20,Robo de vehículo sin violencia,CUAUTEPEC,segunda
2024-03-28,Robo de vehículo con violencia,CUAUTEPEC,primera
2024-05-13,Robo de vehículo sin violencia,CUAUTEPEC,segunda
2024-04-30,Robo a transeúnte en vía pública con violencia,CUAUTEPEC,segunda
2024-05-02,Robo a transeúnte en vía pública con violencia,CUAUTEPEC,segunda
2024-01-18,Robo a transeúnte en vía pública con violencia,CUAUTEPEC,primera
2024-01-17,Robo de vehículo sin violencia,CUCHILLA,primera
2024-05-16,Robo a pasajero a bordo de microbús con y sin violencia,CUAUTEPEC,segunda
2024-03-04,Robo de vehículo con violencia,CUCHILLA,primera
2024-05-31,Robo a transeúnte en vía pública con violencia,CUAUTEPEC,segunda
2024-01-04,Robo de vehículo sin violencia,CUAUTEPEC,primera
2024-03-11,Homicidio doloso,CUAUTEPEC,primera
2024-01-15,Robo de vehículo sin violencia,CUAUTEPEC,primera
2024-05-19,Homicidio doloso,CUAUTEPEC,segunda
2024-02-13,Robo a casa habitación con violencia,CUAUTEPEC,primera
2024-05-20,Robo a transeúnte en vía pública con violencia,CUAUTEPEC,segunda
2024-06-26,Robo a transeúnte en vía pública con violencia,CUAUTEPEC,segunda
2024-02-28,Robo de vehículo sin violencia,CUAUTEPEC,primera
2024-05-29,Robo a transeúnte en vía pública con violencia,CUAUTEPEC,segunda
2024-06-26,Robo de vehículo sin violencia,CUCHILLA,segunda
2024-06-04,Robo a transeúnte en vía pública con violencia,CUCHILLA,segunda
2024-01-30,Robo de vehículo con violencia,CUAUTEPEC,primera
2024-04-29,Homicidio doloso,CUAUTEPEC,segunda
2024-02-24,Robo a negocio con violencia,CUAUTEPEC,primera
2024-06-15,Homicidio doloso,CUAUTEPEC,segunda
2024-04-30,Homicidio doloso,CUAUTEPEC,segunda
2024-01-08,Robo a repartidor con y sin violencia,CUAUTEPEC,primera
2024-04-04,Homicidio doloso,CUAUTEPEC,segunda
2024-06-14,Robo a repartidor con y sin violencia,CUAUTEPEC,segunda
2024-04-11,Robo de vehículo sin violencia,CUAUTEPEC,segunda
2024-03-21,Homicidio doloso,CUAUTEPEC,primera
2024-02-10,Homicidio doloso,CUAUTEPEC,primera
2024-05-11,Robo de vehículo sin violencia,CUCHILLA,segunda
2024-05-21,Robo de vehículo sin violencia,CUCHILLA,segunda
2024-06-03,Robo de vehículo sin violencia,CUCHILLA,segunda
2024-04-28,Robo de vehículo sin violencia,CUCHILLA,segunda
2024-01-24,Robo de vehículo sin violencia,CUCHILLA,primera
2024-02-07,Robo de vehículo con violencia,CUCHILLA,primera
2024-02-16,Robo a negocio con violencia,CUCHILLA,primera
2024-05-31,Robo de vehículo sin violencia,CUCHILLA,segunda
2024-01-03,Robo de vehículo sin violencia,CUCHILLA,primera
2024-03-19,Robo a transeúnte en vía pública con violencia,CUCHILLA,primera
2024-04-16,Robo de vehículo sin violencia,CUCHILLA,segunda
2024-04-17,Robo de vehículo con violencia,CUCHILLA,segunda
2024-02-09,Robo de vehículo sin violencia,CUCHILLA,primera
2024-04-28,Lesiones dolosas por disparo de arma de fuego,CUCHILLA,segunda
2024-01-05,Robo de vehículo con violencia,CUCHILLA,primera
2024-05-09,Robo de vehículo con violencia,CUCHILLA,segunda
2024-02-09,Robo de vehículo sin violencia,CUCHILLA,primera
2024-03-19,Robo a transeúnte en vía pública con violencia,CUCHILLA,primera
2024-01-03,Robo de vehículo sin violencia,CUCHILLA,primera
2024-03-12,Robo a transeúnte en vía pública con violencia,CUCHILLA,primera
2024-06-22,Robo de vehículo sin violencia,LINDAVISTA,segunda
2024-04-22,Robo de vehículo sin violencia,CUCHILLA,segunda
2024-04-19,Robo de vehículo con violencia,LINDAVISTA,segunda
2024-05-11,Homicidio doloso,CUCHILLA,segunda
2024-03-26,Robo a negocio con violencia,CUCHILLA,primera
2024-02-23,Robo a negocio con violencia,CUCHILLA,primera
2024-05-06,Robo a transeúnte en vía pública con violencia,CUCHILLA,segunda
2024-04-17,Robo a transeúnte en vía pública con violencia,CUCHILLA,segunda
2024-02-08,Robo de vehículo con violencia,CUCHILLA,primera
2024-04-13,Robo a transeúnte en vía pública con violencia,CUCHILLA,segunda
2024-03-07,Robo a transeúnte en vía pública con violencia,CUCHILLA,primera
2024-06-05,Robo a negocio con violencia,CUCHILLA,segunda
2024-04-04,Homicidio doloso,CUCHILLA,segunda
2024-04-07,Robo de vehículo sin violencia,CUCHILLA,segunda
2024-02-04,Robo a negocio con violencia,CUCHILLA,primera
2024-04-16,Robo de vehículo sin violencia,CUCHILLA,segunda
2024-06-05,Robo de vehículo con violencia,CUCHILLA,segunda
2024-06-01,Robo de vehículo sin violencia,LINDAVISTA,segunda
2024-03-25,Robo a transeúnte en vía pública con violencia,CUCHILLA,primera
2024-01-04,Robo a negocio con violencia,CUCHILLA,primera
2024-04-20,Robo a transeúnte en vía pública con violencia,CUCHILLA,segunda
2024-03-22,Robo de vehículo sin violencia,CUCHILLA,primera
2024-05-15,Robo a negocio con violencia,CUCHILLA,segunda
2024-03-30,Homicidio doloso,CUCHILLA,primera
2024-03-20,Robo a negocio con violencia,CUCHILLA,primera
2024-06-04,Robo de vehículo sin violencia,LINDAVISTA,segunda
2024-05-26,Robo de vehículo sin violencia,LINDAVISTA,segunda
2024-03-04,Robo a transeúnte en vía pública con violencia,LINDAVISTA,primera
2024-04-05,Robo a negocio con violencia,LINDAVISTA,segunda
2024-02-26,Robo de vehículo sin violencia,LINDAVISTA,primera
2024-06-14,Robo a negocio con violencia,LINDAVISTA,segunda
2024-06-16,Robo a transeúnte en vía pública con violencia,LINDAVISTA,segunda
2024-01-06,Robo de vehículo sin violencia,LINDAVISTA,primera
2024-06-12,Robo de vehículo sin violencia,LINDAVISTA,segunda
2024-06-12,Robo de vehículo sin violencia,LINDAVISTA,segunda
2024-05-01,Robo de vehículo sin violencia,LINDAVISTA,segunda
2024-06-05,Robo a negocio con violencia,LINDAVISTA,segunda
2024-06-15,Robo de vehículo sin violencia,LINDAVISTA,segunda
2024-06-20,Lesiones dolosas por disparo de arma de fuego,LINDAVISTA,segunda
2024-06-01,Robo a repartidor con y sin violencia,LINDAVISTA,segunda
2024-02-03,Robo de vehículo sin violencia,LINDAVISTA,primera
2024-01-17,Robo de vehículo con violencia,LINDAVISTA,primera
2024-03-20,Robo a transeúnte en vía pública con violencia,LINDAVISTA,primera
2024-03-19,Robo a negocio con violencia,LINDAVISTA,primera
2024-04-24,Robo a negocio con violencia,LINDAVISTA,segunda
2024-02-20,Robo a negocio con violencia,LINDAVISTA,primera
2024-03-25,Robo a negocio con violencia,LINDAVISTA,primera
2024-04-03,Robo de vehículo con violencia,LINDAVISTA,segunda
2024-03-21,Robo a transeúnte en vía pública con violencia,LINDAVISTA,primera
2024-06-04,Robo a transeúnte en vía pública con violencia,LINDAVISTA,segunda
2024-05-19,Robo a transeúnte en vía pública con violencia,LINDAVISTA,segunda
2024-05-10,Robo de vehículo sin violencia,LINDAVISTA,segunda
2024-04-02,Robo de vehículo con violencia,LINDAVISTA,segunda
2024-03-20,Robo a transeúnte en vía pública con violencia,LINDAVISTA,primera
2024-04-30,Robo a transeúnte en vía pública con violencia,LINDAVISTA,segunda
2024-03-27,Robo de vehículo con violencia,LINDAVISTA,primera
2024-04-09,Robo de vehículo sin violencia,LINDAVISTA,segunda
2024-06-04,Robo a transeúnte en vía pública con violencia,LINDAVISTA,segunda
2024-05-09,Robo de vehículo sin violencia,LINDAVISTA,segunda
2024-01-09,Robo de vehículo sin violencia,LINDAVISTA,primera
2024-02-27,Robo de vehículo sin violencia,LINDAVISTA,primera
2024-06-08,Robo de vehículo sin violencia,LINDAVISTA,segunda
2024-03-01,Homicidio doloso,LINDAVISTA,primera
2024-01-26,Robo a transeúnte en vía pública con violencia,LINDAVISTA,primera
2024-02-19,Robo a transeúnte en vía pública con violencia,LINDAVISTA,primera
2024-02-01,Robo de vehículo sin violencia,LINDAVISTA,primera
2024-02-24,Robo de vehículo sin violencia,LINDAVISTA,primera
2024-03-16,Homicidio doloso,LINDAVISTA,primera
2024-05-22,Robo a transeúnte en vía pública con violencia,LINDAVISTA,segunda
2024-02-07,Robo a repartidor con y sin violencia,LINDAVISTA,primera
2024-05-30,Robo a repartidor con y sin violencia,LINDAVISTA,segunda
2024-03-09,Robo a transeúnte en vía pública con violencia,LINDAVISTA,primera
2024-04-25,Robo de vehículo sin violencia,LINDAVISTA,segunda
2024-03-28,Robo a transeúnte en vía pública con violencia,LINDAVISTA,primera
2024-06-10,Robo de vehículo con violencia,LINDAVISTA,segunda
2024-06-10,Robo de vehículo sin violencia,LINDAVISTA,segunda
2024-05-04,Robo de vehículo sin violencia,LINDAVISTA,segunda
2024-06-03,Robo de vehículo sin violencia,LINDAVISTA,segunda
2024-04-04,Robo de vehículo con violencia,LINDAVISTA,segunda
2024-02-24,Robo a transeúnte en vía pública con violencia,LINDAVISTA,primera
2024-03-05,Robo de vehículo con violencia,LINDAVISTA,primera
2024-05-12,Robo a transeúnte en vía pública con violencia,LINDAVISTA,segunda
2024-05-27,Robo a negocio con violencia,LINDAVISTA,segunda
2024-06-22,Robo de vehículo sin violencia,PRADERA,segunda
2024-06-11,Robo de vehículo sin violencia,PRADERA,segunda
2024-03-07,Robo de vehículo con violencia,PRADERA,primera
2024-05-31,Robo de vehículo sin violencia,LINDAVISTA,segunda
2024-03-17,Robo de vehículo sin violencia,LINDAVISTA,primera
2024-04-14,Robo de vehículo con violencia,LINDAVISTA,segunda
2024-01-10,Robo a pasajero a bordo del metro con violencia,LINDAVISTA,primera
2024-01-21,Robo de vehículo sin violencia,LINDAVISTA,primera
2024-01-22,Robo de vehículo sin violencia,LINDAVISTA,primera
2024-01-07,Robo a transeúnte en vía pública con violencia,LINDAVISTA,primera
2024-06-19,Robo a transeúnte en vía pública con violencia,LINDAVISTA,segunda
2024-05-10,Robo de vehículo sin violencia,LINDAVISTA,segunda
2024-02-07,Robo a transeúnte en vía pública con violencia,LINDAVISTA,primera
2024-04-07,Robo a transeúnte en vía pública con violencia,LINDAVISTA,segunda
2024-01-22,Robo a transeúnte en vía pública con violencia,LINDAVISTA,primera
2024-02-14,Robo de vehículo sin violencia,LINDAVISTA,primera
2024-02-11,Robo a negocio con violencia,LINDAVISTA,primera
2024-06-26,Robo de vehículo sin violencia,LINDAVISTA,segunda
2024-06-27,Robo a transeúnte en vía pública con violencia,LINDAVISTA,segunda
2024-06-29,Robo de vehículo sin violencia,LINDAVISTA,segunda
2024-03-28,Robo a casa habitación con violencia,LINDAVISTA,primera
2024-06-07,Robo a negocio con violencia,LINDAVISTA,segunda
2024-06-01,Robo a negocio con violencia,LINDAVISTA,segunda
2024-06-08,Robo a transeúnte en vía pública con violencia,LINDAVISTA,segunda
2024-06-12,Robo de vehículo con violencia,LINDAVISTA,segunda
2024-01-28,Robo de vehículo sin violencia,LINDAVISTA,primera
2024-04-07,Robo de vehículo sin violencia,LINDAVISTA,segunda
2024-02-27,Robo de vehículo sin violencia,LINDAVISTA,primera
2024-02-17,Robo de vehículo con violencia,LINDAVISTA,primera
2024-03-11,Robo de vehículo sin violencia,LINDAVISTA,primera
2024-05-06,Robo de vehículo con violencia,LINDAVISTA,segunda
2024-06-09,Robo a transeúnte en vía pública con violencia,LINDAVISTA,segunda
2024-02-10,Robo de vehículo sin violencia,LINDAVISTA,primera
2024-04-04,Robo a transeúnte en vía pública con violencia,LINDAVISTA,segunda
2024-05-18,Robo de vehículo sin violencia,LINDAVISTA,segunda
2024-06-29,Robo de vehículo con violencia,LINDAVISTA,segunda
2024-02-02,Robo a transeúnte en vía pública con violencia,LINDAVISTA,primera
2024-05-22,Robo de vehículo sin violencia,LINDAVISTA,segunda
2024-01-31,Robo a transeúnte en vía pública con violencia,LINDAVISTA,primera
2024-01-08,Robo de vehículo con violencia,LINDAVISTA,primera
2024-04-16,Robo de vehículo con violencia,LINDAVISTA,segunda
2024-01-09,Robo a transeúnte en vía pública con violencia,LINDAVISTA,primera
2024-01-24,Robo de vehículo sin violencia,LINDAVISTA,primera
2024-01-03,Robo a transeúnte en vía pública con violencia,LINDAVISTA,primera
2024-01-06,Robo a transeúnte en vía pública con violencia,LINDAVISTA,primera
2024-02-05,Robo de vehículo sin violencia,LINDAVISTA,primera
2024-05-23,Robo a pasajero a bordo de taxi con violencia,LINDAVISTA,segunda
2024-06-04,Robo de vehículo sin violencia,LINDAVISTA,segunda
2024-04-12,Robo de vehículo con violencia,LINDAVISTA,segunda
2024-02-21,Robo a transeúnte en vía pública con violencia,LINDAVISTA,primera
2024-06-03,Robo de vehículo con violencia,LINDAVISTA,segunda
2024-02-19,Robo a pasajero a bordo del metro con violencia,LINDAVISTA,primera
2024-05-31,Robo de vehículo con violencia,LINDAVISTA,segunda
2024-04-06,Homicidio doloso,LINDAVISTA,segunda
2024-03-18,Robo a transeúnte en vía pública con violencia,LINDAVISTA,primera
2024-03-05,Robo de vehículo con violencia,LINDAVISTA,primera
2024-02-08,Robo de vehículo con violencia,LINDAVISTA,primera
2024-04-25,Robo de vehículo sin violencia,LINDAVISTA,segunda
2024-06-19,Robo de vehículo sin violencia,LINDAVISTA,segunda
2024-05-25,Robo a repartidor con y sin violencia,LINDAVISTA,segunda
2024-06-28,Homicidio doloso,LINDAVISTA,segunda
2024-01-17,Robo de vehículo sin violencia,LINDAVISTA,primera
2024-06-21,Robo de vehículo sin violencia,LINDAVISTA,segunda
2024-01-08,Robo a negocio con violencia,LINDAVISTA,primera
2024-06-15,Robo a negocio con violencia,LINDAVISTA,segunda
2024-06-03,Robo a negocio con violencia,LINDAVISTA,segunda
2024-01-03,Robo de vehículo sin violencia,LINDAVISTA,primera
2024-02-28,Robo de vehículo sin violencia,LINDAVISTA,primera
2024-05-24,Robo de vehículo sin violencia,LINDAVISTA,segunda
2024-06-20,Robo de vehículo sin violencia,LINDAVISTA,segunda
2024-06-12,Robo de vehículo con violencia,LINDAVISTA,segunda
2024-05-16,Robo de vehículo sin violencia,LINDAVISTA,segunda
2024-04-16,Robo de vehículo con violencia,LINDAVISTA,segunda
2024-01-10,Robo de vehículo sin violencia,LINDAVISTA,primera
2024-05-27,Robo a transeúnte en vía pública con violencia,LINDAVISTA,segunda
2024-05-14,Robo de vehículo sin violencia,LINDAVISTA,segunda
2024-04-15,Robo de vehículo sin violencia,PRADERA,segunda
2024-06-20,Robo de vehículo con violencia,LINDAVISTA,segunda
2024-06-11,Robo de vehículo sin violencia,LINDAVISTA,segunda
2024-02-20,Robo a transeúnte en vía pública con violencia,LINDAVISTA,primera
2024-05-11,Robo de vehículo sin violencia,PRADERA,segunda
2024-06-20,Robo a transeúnte en vía pública con violencia,LINDAVISTA,segunda
2024-04-24,Homicidio doloso,LINDAVISTA,segunda
2024-01-13,Homicidio doloso,LINDAVISTA,primera
2024-01-15,Robo a cuentahabiente saliendo del cajero con violencia,PRADERA,primera
2024-06-06,Robo de vehículo sin violencia,PRADERA,segunda
2024-02-26,Robo de vehículo sin violencia,PRADERA,primera
2024-04-06,Robo de vehículo con violencia,PRADERA,segunda
2024-06-21,Robo de vehículo sin violencia,PRADERA,segunda
2024-06-20,Robo de vehículo sin violencia,PRADERA,segunda
2024-05-19,Robo a transeúnte en vía pública con violencia,PRADERA,segunda
2024-06-30,Robo a transeúnte en vía pública con violencia,PRADERA,segunda
2024-04-15,Lesiones dolosas por disparo de arma de fuego,PRADERA,segunda
2024-05-20,Robo a transeúnte en vía pública con violencia,PRADERA,segunda
2024-05-30,Robo a transeúnte en vía pública con violencia,PRADERA,segunda
2024-05-29,Robo de vehículo sin violencia,PRADERA,segunda
2024-05-27,Robo de vehículo sin violencia,PRADERA,segunda
2024-03-04,Robo a transeúnte en vía pública con violencia,PRADERA,primera
2024-06-25,Robo de vehículo sin violencia,PRADERA,segunda
2024-04-26,Robo de vehículo sin violencia,PRADERA,segunda
2024-02-09,Robo de vehículo sin violencia,PRADERA,primera
2024-03-29,Robo a transeúnte en vía pública con violencia,PRADERA,primera
2024-03-27,Robo a transeúnte en vía pública con violencia,PRADERA,primera
2024-04-06,Robo a transeúnte en vía pública con violencia,PRADERA,segunda
2024-02-28,Robo a transeúnte en vía pública con violencia,PRADERA,primera
2024-03-01,Robo de vehículo sin violencia,PRADERA,primera
2024-02-21,Robo de vehículo sin violencia,PRADERA,primera
2024-02-02,Robo de vehículo sin violencia,PRADERA,primera
2024-06-14,Robo a negocio con violencia,PRADERA,segunda
2024-06-16,Robo de vehículo sin violencia,PRADERA,segunda
2024-03-14,Robo de vehículo sin violencia,LINDAVISTA,primera
2024-01-08,Robo a transeúnte en vía pública con violencia,PRADERA,primera
2024-05-28,Robo a transeúnte en vía pública con violencia,LINDAVISTA,segunda
2024-05-17,Robo de vehículo sin violencia,PRADERA,segunda
2024-01-21,Robo de vehículo sin violencia,PRADERA,primera
2024-01-13,Robo de vehículo sin violencia,PRADERA,primera
2024-03-21,Robo a transeúnte en vía pública con violencia,PRADERA,primera
2024-03-20,Robo de vehículo sin violencia,PRADERA,primera
2024-03-11,Robo de vehículo sin violencia,PRADERA,primera
2024-06-14,Robo de vehículo sin violencia,LINDAVISTA,segunda
2024-01-30,Robo a transeúnte en vía pública con violencia,PRADERA,primera
2024-06-26,Robo a transeúnte en vía pública con violencia,PRADERA,segunda
2024-04-12,Robo de vehículo sin violencia,PRADERA,segunda
2024-04-18,Robo de vehículo sin violencia,PRADERA,segunda
2024-02-21,Robo de vehículo sin violencia,PRADERA,primera
2024-04-07,Robo de vehículo con violencia,LINDAVISTA,segunda
2024-03-05,Robo a transeúnte en vía pública con violencia,LINDAVISTA,primera
2024-03-16,Homicidio doloso,PRADERA,primera
2024-06-16,Robo a pasajero a bordo de microbús con y sin violencia,PRADERA,segunda
2024-05-06,Robo a repartidor con y sin violencia,PRADERA,segunda
2024-04-09,Robo a transeúnte en vía pública con violencia,PRADERA,segunda
2024-01-19,Robo de vehículo con violencia,PRADERA,primera
2024-06-01,Robo de vehículo sin violencia,PRADERA,segunda
2024-05-03,Robo a transeúnte en vía pública con violencia,PRADERA,segunda
2024-06-04,Robo a transeúnte en vía pública con violencia,PRADERA,segunda
2024-05-09,Robo a transeúnte en vía pública con violencia,PRADERA,segunda
2024-05-12,Robo de vehículo sin violencia,PRADERA,segunda
2024-02-15,Robo de vehículo con violencia,PRADERA,primera
2024-04-10,Robo a transeúnte en vía pública con violencia,PRADERA,segunda
2024-03-20,Robo de vehículo con violencia,PRADERA,primera
2024-06-22,Robo de vehículo con violencia,PRADERA,segunda
2024-06-15,Robo a transeúnte en vía pública con violencia,PRADERA,segunda
2024-05-08,Robo a transeúnte en vía pública con violencia,PRADERA,segunda
2024-01-27,Robo de vehículo sin violencia,PRADERA,primera
2024-01-08,Robo de vehículo con violencia,PRADERA,primera
2024-01-06,Robo de vehículo con violencia,PRADERA,primera
2024-03-30,Robo de vehículo sin violencia,PRADERA,primera
2024-02-23,Robo a negocio con violencia,PRADERA,primera
2024-06-04,Robo a transeúnte en vía pública con violencia,PRADERA,segunda
2024-03-23,Robo de vehículo con violencia,PRADERA,primera
2024-02-13,Homicidio doloso,PRADERA,primera
2024-02-01,Lesiones dolosas por disparo de arma de fuego,PRADERA,primera
2024-01-04,Robo a transeúnte en vía pública con violencia,PRADERA,primera
2024-06-20,Robo de vehículo con violencia,PRADERA,segunda
2024-06-07,Robo de vehículo sin violencia,PRADERA,segunda
2024-05-05,Robo a transeúnte en vía pública con violencia,PRADERA,segunda
2024-03-21,Robo de vehículo con violencia,PRADERA,primera
2024-06-21,Robo a pasajero a bordo de microbús con y sin violencia,PRADERA,segunda
2024-06-26,Robo a negocio con violencia,PRADERA,segunda
2024-05-26,Robo a transeúnte en vía pública con violencia,PRADERA,segunda
2024-05-14,Robo de vehículo con violencia,PRADERA,segunda
2024-02-09,Robo de vehículo sin violencia,PRADERA,primera
2024-03-25,Robo de vehículo sin violencia,PRADERA,primera
2024-03-17,Robo de vehículo con violencia,PRADERA,primera
2024-05-11,Robo de vehículo sin violencia,PRADERA,segunda
2024-06-22,Robo de vehículo sin violencia,PRADERA,segunda
2024-06-16,Robo de vehículo con violencia,PRADERA,segunda
2024-04-11,Robo de vehículo sin violencia,PRADERA,segunda
2024-06-06,Robo a casa habitación con violencia,PRADERA,segunda
2024-06-22,Robo de vehículo sin violencia,PRADERA,segunda
2024-01-19,Robo de vehículo con violencia,PRADERA,primera
2024-01-24,Robo de vehículo sin violencia,PRADERA,primera
2024-04-10,Robo de vehículo con violencia,PRADERA,segunda
2024-06-20,Robo de vehículo sin violencia,PRADERA,segunda
2024-06-16,Robo a transeúnte en vía pública con violencia,PRADERA,segunda
2024-02-02,Robo a transeúnte en vía pública con violencia,PRADERA,primera
2024-04-18,Robo de vehículo sin violencia,PRADERA,segunda
2024-03-10,Robo de vehículo con violencia,PRADERA,primera
2024-06-24,Robo de vehículo sin violencia,PRADERA,segunda
2024-04-29,Robo a transeúnte en vía pública con violencia,PRADERA,segunda
2024-03-31,Robo de vehículo sin violencia,PRADERA,primera
2024-04-24,Robo a negocio con violencia,PRADERA,segunda
2024-05-03,Robo a negocio con violencia,PRADERA,segunda
2024-01-22,Robo de vehículo sin violencia,PRADERA,primera
2024-01-03,Robo a transeúnte en vía pública con violencia,PRADERA,primera
2024-03-22,Robo de vehículo sin violencia,ARAGON,primera
2024-02-20,Robo a transeúnte en vía pública con violencia,QUIROGA,primera
2024-06-06,Robo a transeúnte en vía pública con violencia,QUIROGA,segunda
2024-06-25,Robo de vehículo sin violencia,QUIROGA,segunda
2024-01-15,Robo a transeúnte en vía pública con violencia,QUIROGA,primera
2024-02-13,Robo de vehículo sin violencia,QUIROGA,primera
2024-06-23,Robo a transeúnte en vía pública con violencia,QUIROGA,segunda
2024-04-01,Robo de vehículo sin violencia,QUIROGA,segunda
2024-05-03,Robo a negocio con violencia,QUIROGA,segunda
2024-04-01,Homicidio doloso,QUIROGA,segunda
2024-06-20,Robo a transeúnte en vía pública con violencia,QUIROGA,segunda
2024-06-30,Robo a transeúnte en vía pública con violencia,QUIROGA,segunda
2024-04-24,Robo a transeúnte en vía pública con violencia,QUIROGA,segunda
2024-05-15,Robo a transeúnte en vía pública con violencia,QUIROGA,segunda
2024-01-06,Robo a negocio con violencia,PRADERA,primera
2024-06-14,Robo a negocio con violencia,PRADERA,segunda
2024-02-14,Robo a transeúnte en vía pública con violencia,PRADERA,primera
2024-01-02,Lesiones dolosas por disparo de arma de fuego,PRADERA,primera
2024-04-21,Robo de vehículo sin violencia,PRADERA,segunda
2024-01-31,Robo de vehículo sin violencia,PRADERA,primera
2024-04-14,Robo de vehículo sin violencia,PRADERA,segunda
2024-02-23,Robo de vehículo sin violencia,PRADERA,primera
2024-03-06,Robo a transeúnte en vía pública con violencia,PRADERA,primera
2024-01-09,Robo de vehículo sin violencia,PRADERA,primera
2024-01-09,Robo de vehículo sin violencia,PRADERA,primera
2024-02-19,Robo de vehículo sin violencia,PRADERA,primera
2024-02-28,Robo a transeúnte en vía pública con violencia,PRADERA,primera
2024-06-12,Robo a repartidor con y sin violencia,PRADERA,segunda
2024-05-11,Homicidio doloso,PRADERA,segunda
2024-02-13,Robo de vehículo sin violencia,PRADERA,primera
2024-04-13,Robo a transeúnte en vía pública con violencia,PRADERA,segunda
2024-05-04,Homicidio doloso,PRADERA,segunda
2024-01-04,Robo de vehículo con violencia,PRADERA,primera
2024-03-08,Robo a transeúnte en vía pública con violencia,PRADERA,primera
2024-04-22,Robo a transeúnte en vía pública con violencia,LINDAVISTA,segunda
2024-01-29,Robo de vehículo con violencia,LINDAVISTA,primera
2024-06-26,Robo a transeúnte en vía pública con violencia,QUIROGA,segunda
2024-03-26,Robo a transeúnte en vía pública con violencia,QUIROGA,primera
2024-05-02,Robo a transeúnte en vía pública con violencia,QUIROGA,segunda
2024-06-19,Robo a repartidor con y sin violencia,QUIROGA,segunda
2024-01-25,Robo a transeúnte en vía pública con violencia,QUIROGA,primera
2024-05-26,Robo de vehículo sin violencia,QUIROGA,segunda
2024-01-16,Robo de vehículo sin violencia,QUIROGA,primera
2024-01-05,Robo a negocio con violencia,QUIROGA,primera
2024-02-27,Robo a negocio con violencia,QUIROGA,primera
2024-01-24,Robo a transeúnte en vía pública con violencia,QUIROGA,primera
2024-06-24,Robo a negocio con violencia,QUIROGA,segunda
2024-05-15,Robo a transeúnte en vía pública con violencia,QUIROGA,segunda
2024-01-23,Robo de vehículo sin violencia,QUIROGA,primera
2024-03-11,Robo a transeúnte en vía pública con violencia,QUIROGA,primera
2024-02-01,Robo a negocio con violencia,QUIROGA,primera
2024-02-21,Robo a repartidor con y sin violencia,QUIROGA,primera
2024-02-16,Robo a negocio con violencia,QUIROGA,primera
2024-06-29,Robo a transeúnte en vía pública con violencia,QUIROGA,segunda
2024-05-22,Robo a transeúnte en vía pública con violencia,QUIROGA,segunda
2024-05-30,Robo a transeúnte en vía pública con violencia,QUIROGA,segunda
2024-02-16,Robo a transeúnte en vía pública con violencia,QUIROGA,primera
2024-04-13,Robo a transeúnte en vía pública con violencia,QUIROGA,segunda
2024-05-19,Robo de vehículo con violencia,QUIROGA,segunda
2024-04-04,Robo a transeúnte en vía pública con violencia,QUIROGA,segunda
2024-02-01,Robo a negocio con violencia,QUIROGA,primera
2024-05-30,Robo a negocio con violencia,QUIROGA,segunda
2024-06-29,Robo a pasajero a bordo de microbús con y sin violencia,QUIROGA,segunda
2024-01-14,Robo a transeúnte en vía pública con violencia,QUIROGA,primera
2024-03-06,Robo de vehículo sin violencia,QUIROGA,primera
2024-01-30,Robo a transeúnte en vía pública con violencia,QUIROGA,primera
2024-02-19,Robo a transeúnte en vía pública con violencia,QUIROGA,primera
2024-01-27,Robo de vehículo con violencia,QUIROGA,primera
2024-06-24,Robo a transeúnte en vía pública con violencia,QUIROGA,segunda
2024-06-10,Robo a transeúnte en vía pública con violencia,QUIROGA,segunda
2024-05-10,Lesiones dolosas por disparo de arma de fuego,QUIROGA,segunda
2024-01-09,Robo a repartidor con y sin violencia,QUIROGA,primera
2024-06-10,Robo a transeúnte en vía pública con violencia,QUIROGA,segunda
2024-04-23,Robo a transeúnte en vía pública con violencia,QUIROGA,segunda
2024-02-09,Robo a transeúnte en vía pública con violencia,QUIROGA,primera
2024-04-27,Robo a pasajero a bordo de microbús con y sin violencia,QUIROGA,segunda
2024-04-24,Robo de vehículo con violencia,QUIROGA,segunda
2024-05-10,Robo a transeúnte en vía pública con violencia,QUIROGA,segunda
2024-05-22,Robo a negocio con violencia,QUIROGA,segunda
2024-02-28,Robo a transeúnte en vía pública con violencia,QUIROGA,primera
2024-03-05,Robo a transeúnte en vía pública con violencia,QUIROGA,primera
2024-05-09,Robo de vehículo sin violencia,QUIROGA,segunda
2024-01-25,Robo de vehículo sin violencia,QUIROGA,primera
2024-02-17,Robo a transeúnte en vía pública con violencia,QUIROGA,primera
2024-02-16,Robo a transeúnte en vía pública con violencia,QUIROGA,primera
2024-04-15,Robo a transeúnte en vía pública con violencia,QUIROGA,segunda
2024-04-17,Robo a transeúnte en vía pública con violencia,QUIROGA,segunda
2024-03-16,Robo a transeúnte en vía pública con violencia,QUIROGA,primera
2024-02-28,Robo a transeúnte en vía pública con violencia,QUIROGA,primera
2024-01-15,Robo de vehículo sin violencia,QUIROGA,primera
2024-01-25,Robo a repartidor con y sin violencia,QUIROGA,primera
2024-04-04,Robo a repartidor con y sin violencia,QUIROGA,segunda
2024-02-02,Robo a transeúnte en vía pública con violencia,QUIROGA,primera
2024-02-20,Homicidio doloso,QUIROGA,primera
2024-06-12,Robo a transeúnte en vía pública con violencia,QUIROGA,segunda
2024-04-29,Robo a transeúnte en vía pública con violencia,QUIROGA,segunda
2024-04-10,Robo a transeúnte en vía pública con violencia,QUIROGA,segunda
2024-02-13,Robo a transeúnte en vía pública con violencia,QUIROGA,primera
2024-06-10,Robo a transeúnte en vía pública con violencia,QUIROGA,segunda
2024-01-02,Robo a transeúnte en vía pública con violencia,QUIROGA,primera
2024-02-03,Lesiones dolosas por disparo de arma de fuego,QUIROGA,primera
2024-06-25,Robo de vehículo con violencia,TEPEYAC,segunda
2024-06-07,Robo de vehículo sin violencia,TEPEYAC,segunda
2024-06-03,Robo de vehículo sin violencia,TEPEYAC,segunda
2024-06-06,Robo de vehículo con violencia,TEPEYAC,segunda
2024-05-26,Robo a transeúnte en vía pública con violencia,TEPEYAC,segunda
2024-06-09,Robo de vehículo sin violencia,TEPEYAC,segunda
2024-04-23,Robo de vehículo sin violencia,TEPEYAC,segunda
2024-02-10,Robo a transeúnte en vía pública con violencia,TEPEYAC,primera
2024-03-22,Robo a transeúnte en vía pública con violencia,TEPEYAC,primera
2024-03-23,Robo a transeúnte en vía pública con violencia,TEPEYAC,primera
2024-02-26,Robo de vehículo sin violencia,TEPEYAC,primera
2024-03-02,Robo a transeúnte en vía pública con violencia,TEPEYAC,primera
2024-03-16,Robo de vehículo con violencia,TEPEYAC,primera
2024-03-14,Robo de vehículo sin violencia,TEPEYAC,primera
2024-06-09,Lesiones dolosas por disparo de arma de fuego,TEPEYAC,segunda
2024-04-08,Robo a transeúnte en vía pública con violencia,TEPEYAC,segunda
2024-05-10,Robo a transeúnte en vía pública con violencia,TEPEYAC,segunda
2024-05-28,Robo de vehículo con violencia,TEPEYAC,segunda
2024-05-30,Robo a transeúnte en vía pública con violencia,TEPEYAC,segunda
2024-06-03,Robo a transeúnte en vía pública con violencia,TEPEYAC,segunda
2024-05-27,Robo a transeúnte en vía pública con violencia,TEPEYAC,segunda
2024-06-23,Robo a transeúnte en vía pública con violencia,TEPEYAC,segunda
2024-06-16,Robo a transeúnte en vía pública con violencia,TEPEYAC,segunda
2024-02-16,Robo de vehículo sin violencia,TEPEYAC,primera
2024-01-04,Robo de vehículo con violencia,TEPEYAC,primera
2024-04-03,Robo de vehículo con violencia,TEPEYAC,segunda
2024-02-14,Robo de vehículo sin violencia,TEPEYAC,primera
2024-04-19,Robo a transeúnte en vía pública con violencia,TEPEYAC,segunda
2024-05-21,Robo a negocio con violencia,TEPEYAC,segunda
2024-02-21,Robo a transeúnte en vía pública con violencia,TEPEYAC,primera
2024-06-24,Robo a repartidor con y sin violencia,TEPEYAC,segunda
2024-04-25,Robo de vehículo sin violencia,TEPEYAC,segunda
2024-05-12,Robo a transeúnte en vía pública con violencia,TEPEYAC,segunda
2024-06-27,Robo de vehículo sin violencia,TEPEYAC,segunda
2024-01-10,Robo de vehículo con violencia,TEPEYAC,primera
2024-04-02,Robo de vehículo sin violencia,TEPEYAC,segunda
2024-04-15,Robo de vehículo sin violencia,TEPEYAC,segunda
2024-02-22,Robo a transeúnte en vía pública con violencia,TEPEYAC,primera
2024-03-15,Robo de vehículo sin violencia,TEPEYAC,primera
2024-01-06,Robo a negocio con violencia,QUIROGA,primera
2024-05-23,Robo a transeúnte en vía pública con violencia,QUIROGA,segunda
2024-01-04,Robo a negocio con violencia,QUIROGA,primera
2024-02-12,Robo a negocio con violencia,QUIROGA,primera
2024-02-09,Robo a repartidor con y sin violencia,QUIROGA,primera
2024-03-11,Robo a transeúnte en vía pública con violencia,QUIROGA,primera
2024-02-19,Robo a transeúnte en vía pública con violencia,QUIROGA,primera
2024-01-19,Robo de vehículo sin violencia,QUIROGA,primera
2024-05-12,Robo de vehículo sin violencia,TEPEYAC,segunda
2024-04-12,Robo a transeúnte en vía pública con violencia,TEPEYAC,segunda
2024-06-08,Robo de vehículo con violencia,TEPEYAC,segunda
2024-01-25,Robo a transeúnte en vía pública con violencia,TEPEYAC,primera
2024-02-07,Robo a transeúnte en vía pública con violencia,TEPEYAC,primera
2024-01-04,Robo a transeúnte en vía pública con violencia,QUIROGA,primera
2024-06-07,Robo a transeúnte en vía pública con violencia,QUIROGA,segunda
2024-06-11,Robo a pasajero a bordo del metro con violencia,QUIROGA,segunda
2024-02-21,Robo a transeúnte en vía pública con violencia,QUIROGA,primera
2024-04-20,Robo de vehículo sin violencia,QUIROGA,segunda
2024-03-22,Robo de vehículo con violencia,QUIROGA,primera
2024-04-30,Robo de vehículo sin violencia,QUIROGA,segunda
2024-03-31,Robo de vehículo con violencia,QUIROGA,primera
2024-04-13,Robo de vehículo sin violencia,QUIROGA,segunda
2024-05-23,Robo a pasajero a bordo de microbús con y sin violencia,TEPEYAC,segunda
2024-04-05,Robo a transeúnte en vía pública con violencia,TEPEYAC,segunda
2024-05-30,Robo a cuentahabiente saliendo del cajero con violencia,TEPEYAC,segunda
2024-06-19,Robo a cuentahabiente saliendo del cajero con violencia,TEPEYAC,segunda
2024-06-11,Robo a negocio con violencia,TEPEYAC,segunda
2024-05-31,Homicidio doloso,TEPEYAC,segunda
2024-03-17,Robo a transeúnte en vía pública con violencia,TEPEYAC,primera
2024-02-27,Robo de vehículo sin violencia,TEPEYAC,primera
2024-02-23,Robo a transeúnte en vía pública con violencia,TEPEYAC,primera
2024-02-12,Robo a transeúnte en vía pública con violencia,TEPEYAC,primera
2024-03-25,Robo de vehículo sin violencia,TEPEYAC,primera
2024-04-07,Robo a transeúnte en vía pública con violencia,TEPEYAC,segunda
2024-03-26,Robo de vehículo sin violencia,TEPEYAC,primera
2024-03-09,Robo de vehículo sin violencia,TEPEYAC,primera
2024-04-12,Robo a cuentahabiente saliendo del cajero con violencia,TEPEYAC,segunda
2024-02-02,Robo de vehículo sin violencia,TEPEYAC,primera
2024-02-02,Robo a transeúnte en vía pública con violencia,TEPEYAC,primera
2024-04-17,Robo a transeúnte en vía pública con violencia,TEPEYAC,segunda
2024-06-17,Robo a transeúnte en vía pública con violencia,TEPEYAC,segunda
2024-05-21,Robo a transeúnte en vía pública con violencia,TEPEYAC,segunda
2024-01-27,Robo de vehículo sin violencia,TEPEYAC,primera
2024-02-12,Robo de vehículo con violencia,TEPEYAC,primera
2024-02-08,Robo a negocio con violencia,TEPEYAC,primera
2024-06-10,Robo a negocio con violencia,TEPEYAC,segunda
2024-06-21,Robo a negocio con violencia,TEPEYAC,segunda
2024-06-30,Robo a transeúnte en vía pública con violencia,TEPEYAC,segunda
2024-01-08,Robo de vehículo con violencia,TEPEYAC,primera
2024-01-05,Robo a transeúnte en vía pública con violencia,TEPEYAC,primera
2024-04-15,Lesiones dolosas por disparo de arma de fuego,TEPEYAC,segunda
2024-03-27,Robo a repartidor con y sin violencia,TEPEYAC,primera
2024-01-12,Robo a transeúnte en vía pública con violencia,TEPEYAC,primera
2024-02-02,Robo de vehículo con violencia,TEPEYAC,primera
2024-02-22,Robo a transeúnte en vía pública con violencia,TEPEYAC,primera
2024-03-13,Robo de vehículo con violencia,TEPEYAC,primera
2024-04-10,Robo a transeúnte en vía pública con violencia,TEPEYAC,segunda
2024-02-22,Robo de vehículo con violencia,TICOMAN,primera
2024-02-02,Robo a transeúnte en vía pública con violencia,TICOMAN,primera
2024-02-02,Robo de vehículo sin violencia,TICOMAN,primera
2024-06-21,Robo de vehículo sin violencia,TICOMAN,segunda
2024-06-18,Robo de vehículo sin violencia,TICOMAN,segunda
2024-06-09,Robo de vehículo con violencia,TICOMAN,segunda
2024-04-22,Robo de vehículo sin violencia,TICOMAN,segunda
2024-05-13,Robo de vehículo sin violencia,TICOMAN,segunda
2024-04-09,Robo de vehículo sin violencia,TICOMAN,segunda
2024-03-05,Robo de vehículo con violencia,TICOMAN,primera
2024-06-19,Robo de vehículo sin violencia,TICOMAN,segunda
2024-03-14,Robo de vehículo sin violencia,TICOMAN,primera
2024-04-05,Robo a negocio con violencia,TEPEYAC,segunda
2024-02-14,Robo a negocio con violencia,TICOMAN,primera
2024-02-16,Robo a cuentahabiente saliendo del cajero con violencia,TICOMAN,primera
2024-06-25,Robo de vehículo con violencia,TICOMAN,segunda
2024-06-03,Robo a transeúnte en vía pública con violencia,TICOMAN,segunda
2024-01-15,Robo de vehículo sin violencia,TICOMAN,primera
2024-04-20,Robo de vehículo sin violencia,TICOMAN,segunda
2024-03-03,Robo de vehículo sin violencia,TICOMAN,primera
2024-03-13,Robo de vehículo sin violencia,TICOMAN,primera
2024-03-07,Robo a transeúnte en vía pública con violencia,TICOMAN,primera
2024-03-18,Robo a negocio con violencia,TICOMAN,primera
2024-01-24,Robo de vehículo con violencia,TICOMAN,primera
2024-05-10,Robo a transeúnte en vía pública con violencia,TICOMAN,segunda
2024-01-20,Robo a transeúnte en vía pública con violencia,TICOMAN,primera
2024-01-03,Robo a transeúnte en vía pública con violencia,TICOMAN,primera
2024-02-29,Robo a transeúnte en vía pública con violencia,TICOMAN,primera
2024-06-04,Robo de vehículo sin violencia,TICOMAN,segunda
2024-02-04,Robo a transeúnte en vía pública con violencia,TICOMAN,primera
2024-03-21,Robo de vehículo sin violencia,TICOMAN,primera
2024-03-25,Robo de vehículo sin violencia,TICOMAN,primera
2024-04-07,Robo a repartidor con y sin violencia,TICOMAN,segunda
2024-03-29,Homicidio doloso,TICOMAN,primera
2024-03-01,Lesiones dolosas por disparo de arma de fuego,TICOMAN,primera
2024-03-26,Robo de vehículo con violencia,TICOMAN,primera
2024-03-09,Robo de vehículo con violencia,TICOMAN,primera
2024-06-06,Robo de vehículo con violencia,TICOMAN,segunda
2024-06-10,Robo a transeúnte en vía pública con violencia,TICOMAN,segunda
2024-05-16,Robo de vehículo con violencia,TICOMAN,segunda
2024-03-30,Robo de vehículo sin violencia,TICOMAN,primera
2024-05-13,Robo a transeúnte en vía pública con violencia,TICOMAN,segunda
2024-04-25,Robo de vehículo sin violencia,TICOMAN,segunda
2024-03-01,Robo de vehículo sin violencia,TICOMAN,primera
2024-04-16,Homicidio doloso,IZTACCIHUATL,segunda
2024-02-05,Homicidio doloso,TICOMAN,primera
2024-06-07,Robo a transeúnte en vía pública con violencia,IZTACCIHUATL,segunda
2024-06-09,Robo de vehículo sin violencia,IZTACCIHUATL,segunda
2024-02-09,Robo a transeúnte en vía pública con violencia,IZTACCIHUATL,primera
2024-02-05,Robo de vehículo sin violencia,IZTACCIHUATL,primera
2024-03-13,Robo de vehículo sin violencia,IZTACCIHUATL,primera
2024-03-06,Robo de vehículo sin violencia,IZTACCIHUATL,primera
2024-02-17,Robo a casa habitación con violencia,TICOMAN,primera
2024-03-13,Robo a pasajero a bordo de taxi con violencia,TICOMAN,primera
2024-06-13,Robo a transeúnte en vía pública con violencia,TICOMAN,segunda
2024-05-04,Robo a transeúnte en vía pública con violencia,TICOMAN,segunda
2024-05-17,Robo a transeúnte en vía pública con violencia,TICOMAN,segunda
2024-05-30,Robo de vehículo sin violencia,TICOMAN,segunda
2024-06-16,Robo de vehículo sin violencia,TICOMAN,segunda
2024-05-03,Robo de vehículo sin violencia,TICOMAN,segunda
2024-02-14,Robo de vehículo sin violencia,TICOMAN,primera
2024-03-20,Robo de vehículo sin violencia,TICOMAN,primera
2024-02-20,Robo de vehículo sin violencia,TICOMAN,primera
2024-06-05,Robo a repartidor con y sin violencia,TICOMAN,segunda
2024-01-12,Robo de vehículo con violencia,TICOMAN,primera
2024-01-14,Robo a cuentahabiente saliendo del cajero con violencia,TICOMAN,primera
2024-03-23,Robo de vehículo con violencia,TICOMAN,primera
2024-03-08,Robo de vehículo con violencia,TICOMAN,primera
2024-02-29,Robo de vehículo sin violencia,TICOMAN,primera
2024-02-10,Robo a transeúnte en vía pública con violencia,TICOMAN,primera
2024-03-28,Robo a transeúnte en vía pública con violencia,TICOMAN,primera
2024-01-16,Robo a negocio con violencia,TICOMAN,primera
2024-05-21,Robo de vehículo sin violencia,TICOMAN,segunda
2024-05-06,Robo de vehículo sin violencia,TICOMAN,segunda
2024-05-29,Robo de vehículo sin violencia,TICOMAN,segunda
2024-02-01,Robo de vehículo con violencia,TICOMAN,primera
2024-01-04,Robo a negocio con violencia,TICOMAN,primera
2024-02-23,Robo de vehículo sin violencia,TICOMAN,primera
2024-02-01,Robo a repartidor con y sin violencia,TICOMAN,primera
2024-04-04,Homicidio doloso,TICOMAN,segunda
2024-06-25,Robo de vehículo sin violencia,TICOMAN,segunda
2024-06-17,Robo a transeúnte en vía pública con violencia,TICOMAN,segunda
2024-05-09,Robo de vehículo sin violencia,TICOMAN,segunda
2024-05-16,Robo de vehículo sin violencia,TICOMAN,segunda
2024-02-21,Homicidio doloso,TEPEYAC,primera
2024-02-06,Robo de vehículo sin violencia,TICOMAN,primera
2024-04-01,Robo a transeúnte en vía pública con violencia,TICOMAN,segunda
2024-03-20,Robo de vehículo sin violencia,TICOMAN,primera
2024-04-08,Robo de vehículo sin violencia,TICOMAN,segunda
2024-02-29,Robo de vehículo sin violencia,TICOMAN,primera
2024-03-07,Robo de vehículo sin violencia,TICOMAN,primera
2024-04-07,Robo de vehículo con violencia,TEPEYAC,segunda
2024-03-11,Robo a transeúnte en vía pública con violencia,TEPEYAC,primera
2024-05-09,Robo de vehículo con violencia,TEPEYAC,segunda
2024-04-10,Robo a pasajero a bordo del metro con violencia,TEPEYAC,segunda
2024-04-10,Robo de vehículo con violencia,TEPEYAC,segunda
2024-06-13,Robo a transeúnte en vía pública con violencia,TEPEYAC,segunda
2024-01-26,Robo a transeúnte en vía pública con violencia,TEPEYAC,primera
2024-01-10,Robo a transeúnte en vía pública con violencia,TEPEYAC,primera
2024-01-16,Robo a transeúnte en vía pública con violencia,TEPEYAC,primera
2024-03-14,Robo de vehículo con violencia,TEPEYAC,primera
2024-01-25,Robo a repartidor con y sin violencia,TICOMAN,primera
2024-06-11,Robo de vehículo con violencia,TICOMAN,segunda
2024-06-11,Robo de vehículo sin violencia,TICOMAN,segunda
2024-05-23,Robo de vehículo sin violencia,TICOMAN,segunda
2024-04-17,Robo a pasajero a bordo de microbús con y sin violencia,TICOMAN,segunda
2024-03-11,Robo a negocio con violencia,TICOMAN,primera
2024-03-10,Robo a negocio con violencia,TICOMAN,primera
2024-05-21,Robo a repartidor con y sin violencia,TICOMAN,segunda
2024-06-17,Robo a transeúnte en vía pública con violencia,IZTACCIHUATL,segunda
2024-05-13,Robo de vehículo sin violencia,IZTACCIHUATL,segunda
2024-05-13,Robo de vehículo con violencia,IZTACCIHUATL,segunda
2024-04-13,Robo de vehículo sin violencia,IZTACCIHUATL,segunda
2024-04-17,Robo de vehículo con violencia,IZTACCIHUATL,segunda
2024-03-13,Robo a transeúnte en vía pública con violencia,IZTACCIHUATL,primera
2024-05-27,Robo de vehículo sin violencia,IZTACCIHUATL,segunda
2024-06-30,Robo a transeúnte en vía pública con violencia,IZTACCIHUATL,segunda
2024-05-28,Robo de vehículo con violencia,TICOMAN,segunda
2024-01-03,Robo a transeúnte en vía pública con violencia,TICOMAN,primera
2024-03-20,Robo a transeúnte en vía pública con violencia,TICOMAN,primera
2024-05-24,Robo de vehículo sin violencia,TICOMAN,segunda
2024-03-28,Homicidio doloso,TICOMAN,primera
2024-06-26,Robo a pasajero a bordo de microbús con y sin violencia,TICOMAN,segunda
2024-01-30,Robo a repartidor con y sin violencia,TICOMAN,primera
2024-05-16,Robo de vehículo sin violencia,TICOMAN,segunda
2024-01-24,Robo de vehículo con violencia,IZTACCIHUATL,primera
2024-01-07,Robo de vehículo con violencia,IZTACCIHUATL,primera
2024-04-25,Robo de vehículo sin violencia,IZTACCIHUATL,segunda
2024-01-28,Robo de vehículo sin violencia,IZTACCIHUATL,primera
2024-03-22,Robo a negocio con violencia,IZTACCIHUATL,primera
2024-06-25,Robo de vehículo sin violencia,IZTACCIHUATL,segunda
2024-02-09,Robo de vehículo con violencia,IZTACCIHUATL,primera
2024-05-08,Robo a repartidor con y sin violencia,IZTACCIHUATL,segunda
2024-04-27,Robo de vehículo sin violencia,IZTACCIHUATL,segunda
2024-05-18,Robo de vehículo sin violencia,IZTACCIHUATL,segunda
2024-06-29,Robo de vehículo con violencia,IZTACCIHUATL,segunda
2024-06-27,Robo a transeúnte en vía pública con violencia,IZTACCIHUATL,segunda
2024-05-21,Robo de vehículo sin violencia,IZTACCIHUATL,segunda
2024-02-07,Robo de vehículo con violencia,IZTACCIHUATL,primera
2024-06-28,Robo a casa habitación con violencia,IZTACCIHUATL,segunda
2024-06-26,Robo a negocio con violencia,IZTACCIHUATL,segunda
2024-05-22,Robo a transeúnte en vía pública con violencia,IZTACCIHUATL,segunda
2024-01-25,Robo de vehículo sin violencia,IZTACCIHUATL,primera
2024-04-30,Robo a transeúnte en vía pública con violencia,IZTACCIHUATL,segunda
2024-02-08,Robo a transeúnte en vía pública con violencia,IZTACCIHUATL,primera
2024-06-04,Robo a transeúnte en vía pública con violencia,IZTACCIHUATL,segunda
2024-06-15,Robo de vehículo sin violencia,IZTACCIHUATL,segunda
2024-01-18,Robo a transeúnte en vía pública con violencia,IZTACCIHUATL,primera
2024-03-08,Robo a transeúnte en vía pública con violencia,IZTACCIHUATL,primera
2024-03-26,Robo de vehículo sin violencia,IZTACCIHUATL,primera
2024-02-17,Robo a transeúnte en vía pública con violencia,IZTACCIHUATL,primera
2024-05-13,Robo a pasajero a bordo del metro con violencia,IZTACCIHUATL,segunda
2024-04-14,Robo a transeúnte en vía pública con violencia,IZTACCIHUATL,segunda
2024-03-06,Robo a transeúnte en vía pública con violencia,IZTACCIHUATL,primera
2024-06-08,Robo de vehículo sin violencia,IZTACCIHUATL,segunda
2024-01-25,Robo de vehículo con violencia,IZTACCIHUATL,primera
2024-02-05,Robo a transeúnte en vía pública con violencia,IZTACCIHUATL,primera
2024-01-12,Robo de vehículo con violencia,IZTACCIHUATL,primera
2024-01-13,Robo de vehículo con violencia,IZTACCIHUATL,primera
2024-03-24,Robo a transeúnte en vía pública con violencia,IZTACCIHUATL,primera
2024-05-12,Robo de vehículo sin violencia,IZTACCIHUATL,segunda
2024-02-10,Robo de vehículo con violencia,IZTACCIHUATL,primera
2024-01-16,Robo de vehículo con violencia,IZTACCIHUATL,primera
2024-02-17,Robo de vehículo sin violencia,IZTACCIHUATL,primera
2024-06-01,Robo de vehículo sin violencia,IZTACCIHUATL,segunda
2024-02-23,Robo de vehículo sin violencia,IZTACCIHUATL,primera
2024-06-02,Robo a transeúnte en vía pública con violencia,IZTACCIHUATL,segunda
2024-06-12,Robo a transeúnte en vía pública con violencia,IZTACCIHUATL,segunda
2024-01-26,Robo de vehículo con violencia,IZTACCIHUATL,primera
2024-02-09,Robo de vehículo sin violencia,IZTACCIHUATL,primera
2024-04-11,Robo de vehículo sin violencia,IZTACCIHUATL,segunda
2024-06-11,Robo a transeúnte en vía pública con violencia,IZTACCIHUATL,segunda
2024-06-08,Robo a transeúnte en vía pública con violencia,IZTACCIHUATL,segunda
2024-06-07,Robo a transeúnte en vía pública con violencia,IZTACCIHUATL,segunda
2024-05-30,Robo a transeúnte en vía pública con violencia,IZTACCIHUATL,segunda
2024-05-02,Robo a transeúnte en vía pública con violencia,IZTACCIHUATL,segunda
2024-01-31,Robo a transeúnte en vía pública con violencia,IZTACCIHUATL,primera
2024-01-05,Robo de vehículo sin violencia,IZTACCIHUATL,primera
2024-04-03,Robo a transeúnte en vía pública con violencia,IZTACCIHUATL,segunda
2024-02-29,Robo a transeúnte en vía pública con violencia,IZTACCIHUATL,primera
2024-04-28,Robo a transeúnte en vía pública con violencia,IZTACCIHUATL,segunda
2024-04-23,Robo de vehículo sin violencia,IZTACCIHUATL,segunda
2024-06-03,Robo de vehículo sin violencia,IZTACCIHUATL,segunda
2024-05-31,Robo de vehículo sin violencia,IZTACCIHUATL,segunda
2024-02-16,Robo a transeúnte en vía pública con violencia,IZTACCIHUATL,primera
2024-03-02,Robo a transeúnte en vía pública con violencia,IZTACCIHUATL,primera
2024-02-27,Lesiones dolosas por disparo de arma de fuego,IZTACCIHUATL,primera
2024-03-24,Robo a negocio con violencia,IZTACCIHUATL,primera
2024-03-19,Robo a negocio con violencia,IZTACCIHUATL,primera
2024-01-31,Robo a repartidor con y sin violencia,IZTACCIHUATL,primera
2024-06-05,Robo a repartidor con y sin violencia,IZTACCIHUATL,segunda
2024-04-26,Robo a repartidor con y sin violencia,IZTACCIHUATL,segunda
2024-06-14,Robo a transeúnte en vía pública con violencia,TLACOTAL,segunda
2024-02-01,Lesiones dolosas por disparo de arma de fuego,IZTACCIHUATL,primera
2024-02-28,Robo a negocio con violencia,IZTACCIHUATL,primera
2024-03-19,Robo a transeúnte en vía pública con violencia,IZTACCIHUATL,primera
2024-01-13,Homicidio doloso,IZTACCIHUATL,primera
2024-04-03,Robo a repartidor con y sin violencia,IZTACCIHUATL,segunda
2024-01-19,Robo a transeúnte en vía pública con violencia,IZTACCIHUATL,primera
2024-06-08,Robo a pasajero a bordo de microbús con y sin violencia,IZTACCIHUATL,segunda
2024-06-22,Homicidio doloso,IZTACCIHUATL,segunda
2024-04-23,Robo a repartidor con y sin violencia,IZTACCIHUATL,segunda
2024-02-08,Robo a repartidor con y sin violencia,IZTACCIHUATL,primera
2024-05-20,Robo a repartidor con y sin violencia,IZTACCIHUATL,segunda
2024-01-06,Robo de vehículo sin violencia,IZTACCIHUATL,primera
2024-02-26,Lesiones dolosas por disparo de arma de fuego,IZTACCIHUATL,primera
2024-01-22,Robo de vehículo sin violencia,PANTITLAN,primera
2024-01-24,Robo de vehículo con violencia,PANTITLAN,primera
2024-05-14,Robo de vehículo sin violencia,PANTITLAN,segunda
2024-01-12,Robo de vehículo sin violencia,PANTITLAN,primera
2024-06-27,Robo a pasajero a bordo del metro con violencia,PANTITLAN,segunda
2024-01-12,Robo de vehículo con violencia,PANTITLAN,primera
2024-03-18,Robo de vehículo sin violencia,PANTITLAN,primera
2024-06-05,Robo a negocio con violencia,PANTITLAN,segunda
2024-04-06,Robo a negocio con violencia,PANTITLAN,segunda
2024-03-11,Robo a transeúnte en vía pública con violencia,PANTITLAN,primera
2024-04-22,Robo a transeúnte en vía pública con violencia,PANTITLAN,segunda
2024-05-18,Robo a transeúnte en vía pública con violencia,PANTITLAN,segunda
2024-05-16,Robo a transeúnte en vía pública con violencia,PANTITLAN,segunda
2024-05-11,Robo de vehículo sin violencia,PANTITLAN,segunda
2024-06-08,Robo de vehículo con violencia,PANTITLAN,segunda
2024-06-20,Robo de vehículo sin violencia,PANTITLAN,segunda
2024-01-08,Robo a transeúnte en vía pública con violencia,PANTITLAN,primera
2024-05-24,Robo de vehículo sin violencia,PANTITLAN,segunda
2024-05-15,Robo a transeúnte en vía pública con violencia,PANTITLAN,segunda
2024-05-22,Robo a transeúnte en vía pública con violencia,PANTITLAN,segunda
2024-03-13,Robo de vehículo sin violencia,PANTITLAN,primera
2024-02-27,Robo de vehículo con violencia,PANTITLAN,primera
2024-06-12,Homicidio doloso,PANTITLAN,segunda
2024-02-23,Secuestro,PANTITLAN,primera
2024-06-12,Robo de vehículo sin violencia,PANTITLAN,segunda
2024-01-28,Robo de vehículo con violencia,PANTITLAN,primera
2024-02-15,Robo a transeúnte en vía pública con violencia,PANTITLAN,primera
2024-03-14,Robo de vehículo sin violencia,PANTITLAN,primera
2024-03-09,Robo a transeúnte en vía pública con violencia,IZTACCIHUATL,primera
2024-04-07,Robo de vehículo sin violencia,IZTACCIHUATL,segunda
2024-03-20,Robo a transeúnte en vía pública con violencia,IZTACCIHUATL,primera
2024-02-16,Robo a transeúnte en vía pública con violencia,PANTITLAN,primera
2024-01-29,Robo a transeúnte en vía pública con violencia,PANTITLAN,primera
2024-04-05,Robo de vehículo sin violencia,PANTITLAN,segunda
2024-02-14,Robo a negocio con violencia,PANTITLAN,primera
2024-05-21,Robo a transeúnte en vía pública con violencia,PANTITLAN,segunda
2024-05-10,Robo de vehículo sin violencia,PANTITLAN,segunda
2024-03-21,Homicidio doloso,PANTITLAN,primera
2024-03-25,Robo a transeúnte en vía pública con violencia,TLACOTAL,primera
2024-02-13,Robo a transeúnte en vía pública con violencia,PANTITLAN,primera
2024-01-26,Robo a transeúnte en vía pública con violencia,PANTITLAN,primera
2024-02-29,Robo de vehículo con violencia,PANTITLAN,primera
2024-03-17,Robo a transeúnte en vía pública con violencia,PANTITLAN,primera
2024-05-23,Robo a repartidor con y sin violencia,PANTITLAN,segunda
2024-02-04,Robo a transeúnte en vía pública con violencia,PANTITLAN,primera
2024-05-16,Robo de vehículo sin violencia,PANTITLAN,segunda
2024-05-09,Robo de vehículo sin violencia,PANTITLAN,segunda
2024-01-10,Robo a transeúnte en vía pública con violencia,PANTITLAN,primera
2024-01-05,Robo de vehículo sin violencia,PANTITLAN,primera
2024-03-23,Robo de vehículo sin violencia,PANTITLAN,primera
2024-02-19,Robo a transeúnte en vía pública con violencia,PANTITLAN,primera
2024-02-23,Robo de vehículo sin violencia,PANTITLAN,primera
2024-05-13,Robo a transeúnte en vía pública con violencia,PANTITLAN,segunda
2024-02-23,Robo de vehículo con violencia,PANTITLAN,primera
2024-06-13,Robo a transeúnte en vía pública con violencia,PANTITLAN,segunda
2024-06-28,Robo a transeúnte en vía pública con violencia,PANTITLAN,segunda
2024-02-12,Robo a transeúnte en vía pública con violencia,PANTITLAN,primera
2024-04-15,Robo a transeúnte en vía pública con violencia,PANTITLAN,segunda
2024-03-18,Robo a transeúnte en vía pública con violencia,PANTITLAN,primera
2024-06-21,Robo a transeúnte en vía pública con violencia,PANTITLAN,segunda
2024-05-07,Robo a pasajero a bordo del metro con violencia,PANTITLAN,segunda
2024-01-05,Robo a transportista con y sin violencia,PANTITLAN,primera
2024-03-23,Robo de vehículo sin violencia,PANTITLAN,primera
2024-05-21,Robo de vehículo sin violencia,PANTITLAN,segunda
2024-01-30,Robo de vehículo con violencia,PANTITLAN,primera
2024-06-27,Robo a transeúnte en vía pública con violencia,PANTITLAN,segunda
2024-02-10,Robo a transeúnte en vía pública con violencia,PANTITLAN,primera
2024-02-01,Robo de vehículo sin violencia,PANTITLAN,primera
2024-06-23,Robo de vehículo sin violencia,PANTITLAN,segunda
2024-06-19,Robo a pasajero a bordo de microbús con y sin violencia,PANTITLAN,segunda
2024-03-12,Robo a cuentahabiente saliendo del cajero con violencia,PANTITLAN,primera
2024-06-13,Robo a transeúnte en vía pública con violencia,PANTITLAN,segunda
2024-06-27,Robo de vehículo sin violencia,PANTITLAN,segunda
2024-02-14,Robo de vehículo sin violencia,PANTITLAN,primera
2024-03-31,Robo de vehículo con violencia,PANTITLAN,primera
2024-06-12,Robo de vehículo sin violencia,PANTITLAN,segunda
2024-01-23,Robo a repartidor con y sin violencia,PANTITLAN,primera
2024-04-04,Lesiones dolosas por disparo de arma de fuego,IZTACCIHUATL,segunda
2024-01-20,Robo a repartidor con y sin violencia,IZTACCIHUATL,primera
2024-06-08,Robo a transeúnte en vía pública con violencia,PANTITLAN,segunda
2024-05-27,Robo a transeúnte en vía pública con violencia,PANTITLAN,segunda
2024-05-24,Robo a pasajero a bordo del metro con violencia,PANTITLAN,segunda
2024-04-28,Robo de vehículo sin violencia,PANTITLAN,segunda
2024-03-23,Robo de vehículo con violencia,PANTITLAN,primera
2024-05-27,Robo a pasajero a bordo de microbús con y sin violencia,TLACOTAL,segunda
2024-01-09,Robo a casa habitación con violencia,PANTITLAN,primera
2024-01-25,Robo a negocio con violencia,PANTITLAN,primera
2024-05-25,Robo a repartidor con y sin violencia,PANTITLAN,segunda
2024-06-21,Robo a repartidor con y sin violencia,PANTITLAN,segunda
2024-04-27,Robo a repartidor con y sin violencia,PANTITLAN,segunda
2024-01-05,Robo a repartidor con y sin violencia,PANTITLAN,primera
2024-03-07,Robo a transportista con y sin violencia,PANTITLAN,primera
2024-01-07,Robo a transeúnte en vía pública con violencia,PANTITLAN,primera
2024-06-02,Robo a transeúnte en vía pública con violencia,PANTITLAN,segunda
2024-06-05,Robo a transeúnte en vía pública con violencia,PANTITLAN,segunda
2024-03-28,Robo a transeúnte en vía pública con violencia,PANTITLAN,primera
2024-04-18,Robo a transeúnte en vía pública con violencia,PANTITLAN,segunda
2024-05-28,Robo de vehículo con violencia,PANTITLAN,segunda
2024-01-26,Robo de vehículo sin violencia,PANTITLAN,primera
2024-06-14,Robo de vehículo sin violencia,PANTITLAN,segunda
2024-05-15,Robo a transeúnte en vía pública con violencia,PANTITLAN,segunda
2024-05-07,Robo a transeúnte en vía pública con violencia,PANTITLAN,segunda
2024-03-30,Robo de vehículo sin violencia,PANTITLAN,primera
2024-02-23,Robo de vehículo sin violencia,PANTITLAN,primera
2024-03-15,Robo de vehículo sin violencia,PANTITLAN,primera
2024-02-02,Homicidio doloso,PANTITLAN,primera
2024-01-26,Robo de vehículo sin violencia,PANTITLAN,primera
2024-05-29,Robo de vehículo sin violencia,TLACOTAL,segunda
2024-02-05,Robo de vehículo sin violencia,TLACOTAL,primera
2024-05-05,Robo de vehículo sin violencia,PANTITLAN,segunda
2024-01-09,Robo a transeúnte en vía pública con violencia,PANTITLAN,primera
2024-06-24,Robo de vehículo sin violencia,PANTITLAN,segunda
2024-05-05,Robo de vehículo con violencia,PANTITLAN,segunda
2024-05-16,Robo de vehículo con violencia,PANTITLAN,segunda
2024-04-13,Robo de vehículo sin violencia,PANTITLAN,segunda
2024-03-04,Robo a transeúnte en vía pública con violencia,PANTITLAN,primera
2024-03-03,Robo a transeúnte en vía pública con violencia,PANTITLAN,primera
2024-05-09,Robo de vehículo sin violencia,PANTITLAN,segunda
2024-05-04,Robo de vehículo sin violencia,PANTITLAN,segunda
2024-05-20,Robo a transeúnte en vía pública con violencia,PANTITLAN,segunda
2024-06-28,Robo de vehículo sin violencia,PANTITLAN,segunda
2024-02-21,Robo de vehículo sin violencia,PANTITLAN,primera
2024-03-26,Robo de vehículo sin violencia,PANTITLAN,primera
2024-04-15,Robo de vehículo sin violencia,PANTITLAN,segunda
2024-04-16,Robo de vehículo sin violencia,PANTITLAN,segunda
2024-04-12,Robo a transeúnte en vía pública con violencia,PANTITLAN,segunda
2024-06-20,Robo de vehículo sin violencia,PANTITLAN,segunda
2024-06-20,Robo de vehículo sin violencia,PANTITLAN,segunda
2024-05-29,Robo a transeúnte en vía pública con violencia,PANTITLAN,segunda
2024-06-11,Robo de vehículo sin violencia,PANTITLAN,segunda
2024-03-12,Robo de vehículo sin violencia,PANTITLAN,primera
2024-02-02,Robo de vehículo con violencia,TLACOTAL,primera
2024-02-06,Robo de vehículo sin violencia,TLACOTAL,primera
2024-01-12,Robo a transeúnte en vía pública con violencia,TLACOTAL,primera
2024-04-09,Robo a transeúnte en vía pública con violencia,TLACOTAL,segunda
2024-02-22,Robo de vehículo sin violencia,TLACOTAL,primera
2024-03-04,Robo de vehículo sin violencia,TLACOTAL,primera
2024-03-08,Robo de vehículo sin violencia,TLACOTAL,primera
2024-04-03,Robo a negocio con violencia,TLACOTAL,segunda
2024-06-06,Robo de vehículo sin violencia,TLACOTAL,segunda
2024-05-02,Robo de vehículo sin violencia,TLACOTAL,segunda
2024-01-17,Robo a transeúnte en vía pública con violencia,TLACOTAL,primera
2024-01-23,Robo de vehículo sin violencia,TLACOTAL,primera
2024-06-27,Robo a transeúnte en vía pública con violencia,TLACOTAL,segunda
2024-05-07,Robo a transeúnte en vía pública con violencia,TLACOTAL,segunda
2024-02-13,Robo a negocio con violencia,TLACOTAL,primera
2024-02-09,Robo a pasajero a bordo de taxi con violencia,TLACOTAL,primera
2024-04-30,Robo de vehículo sin violencia,PANTITLAN,segunda
2024-04-28,Robo a transeúnte en vía pública con violencia,TLACOTAL,segunda
2024-05-27,Robo de vehículo sin violencia,TLACOTAL,segunda
2024-01-20,Robo a transeúnte en vía pública con violencia,TLACOTAL,primera
2024-02-21,Robo de vehículo sin violencia,TLACOTAL,primera
2024-04-05,Robo a negocio con violencia,TLACOTAL,segunda
2024-04-01,Robo a negocio con violencia,TLACOTAL,segunda
2024-06-30,Robo a transeúnte en vía pública con violencia,TLACOTAL,segunda
2024-06-27,Robo a transeúnte en vía pública con violencia,TLACOTAL,segunda
2024-04-08,Robo a transeúnte en vía pública con violencia,TLACOTAL,segunda
2024-04-21,Robo de vehículo sin violencia,TLACOTAL,segunda
2024-01-21,Robo a pasajero a bordo del metro con violencia,TLACOTAL,primera
2024-04-19,Robo a transeúnte en vía pública con violencia,TLACOTAL,segunda
2024-03-26,Robo de vehículo con violencia,TLACOTAL,primera
2024-05-07,Robo a casa habitación con violencia,TLACOTAL,segunda
2024-01-31,Robo a transeúnte en vía pública con violencia,TLACOTAL,primera
2024-02-09,Robo a transeúnte en vía pública con violencia,TLACOTAL,primera
2024-03-30,Robo de vehículo sin violencia,TLACOTAL,primera
2024-04-18,Robo de vehículo con violencia,TLACOTAL,segunda
2024-05-23,Robo a transeúnte en vía pública con violencia,TLACOTAL,segunda
2024-06-21,Robo de vehículo con violencia,TLACOTAL,segunda
2024-04-09,Robo de vehículo con violencia,TLACOTAL,segunda
2024-03-02,Robo a transeúnte en vía pública con violencia,TLACOTAL,primera
2024-06-12,Robo a transeúnte en vía pública con violencia,TLACOTAL,segunda
2024-05-19,Robo a transeúnte en vía pública con violencia,TLACOTAL,segunda
2024-04-22,Robo a transeúnte en vía pública con violencia,TLACOTAL,segunda
2024-06-27,Robo de vehículo con violencia,TLACOTAL,segunda
2024-01-05,Robo a transeúnte en vía pública con violencia,TLACOTAL,primera
2024-04-18,Robo de vehículo con violencia,TLACOTAL,segunda
2024-02-23,Robo de vehículo sin violencia,TLACOTAL,primera
2024-02-06,Robo a transeúnte en vía pública con violencia,TLACOTAL,primera
2024-06-02,Lesiones dolosas por disparo de arma de fuego,TLACOTAL,segunda
2024-01-31,Robo a repartidor con y sin violencia,PANTITLAN,primera
2024-02-06,Robo de vehículo con violencia,PANTITLAN,primera
2024-06-24,Robo a transeúnte en vía pública con violencia,PANTITLAN,segunda
2024-05-11,Robo de vehículo con violencia,PANTITLAN,segunda
2024-01-02,Robo de vehículo sin violencia,PANTITLAN,primera
2024-06-05,Robo de vehículo sin violencia,TLACOTAL,segunda
2024-01-26,Robo a transeúnte en vía pública con violencia,TLACOTAL,primera
2024-03-27,Lesiones dolosas por disparo de arma de fuego,TLACOTAL,primera
2024-05-11,Robo de vehículo sin violencia,TLACOTAL,segunda
2024-01-29,Robo de vehículo con violencia,TLACOTAL,primera
2024-04-08,Robo de vehículo sin violencia,TLACOTAL,segunda
2024-02-26,Robo a transeúnte en vía pública con violencia,TLACOTAL,primera
2024-02-26,Robo de vehículo con violencia,TLACOTAL,primera
2024-03-08,Robo de vehículo sin violencia,TLACOTAL,primera
2024-04-02,Robo a transeúnte en vía pública con violencia,TLACOTAL,segunda
2024-03-11,Robo de vehículo con violencia,TLACOTAL,primera
2024-05-03,Robo de vehículo sin violencia,TLACOTAL,segunda
2024-04-17,Robo de vehículo sin violencia,TLACOTAL,segunda
2024-04-30,Robo a transeúnte en vía pública con violencia,TLACOTAL,segunda
2024-05-17,Robo de vehículo sin violencia,TLACOTAL,segunda
2024-06-29,Robo a transeúnte en vía pública con violencia,TLACOTAL,segunda
2024-02-05,Robo a transeúnte en vía pública con violencia,TLACOTAL,primera
2024-01-03,Robo de vehículo sin violencia,TLACOTAL,primera
2024-04-16,Robo a transeúnte en vía pública con violencia,TLACOTAL,segunda
2024-04-10,Robo de vehículo con violencia,TLACOTAL,segunda
2024-02-23,Robo de vehículo sin violencia,TLACOTAL,primera
2024-03-18,Robo de vehículo sin violencia,TLACOTAL,primera
2024-05-24,Robo de vehículo sin violencia,TLACOTAL,segunda
2024-05-31,Robo a cuentahabiente saliendo del cajero con violencia,TLACOTAL,segunda
2024-06-11,Robo a transeúnte en vía pública con violencia,TLACOTAL,segunda
2024-05-24,Robo a transeúnte en vía pública con violencia,TLACOTAL,segunda
2024-05-28,Robo a transeúnte en vía pública con violencia,TLACOTAL,segunda
2024-03-18,Robo a transeúnte en vía pública con violencia,TLACOTAL,primera
2024-01-05,Lesiones dolosas por disparo de arma de fuego,TLACOTAL,primera
2024-05-27,Homicidio doloso,TLACOTAL,segunda
2024-03-21,Lesiones dolosas por disparo de arma de fuego,TLACOTAL,primera
2024-05-02,Robo a transeúnte en vía pública con violencia,TLACOTAL,segunda
2024-01-27,Homicidio doloso,TLACOTAL,primera
2024-03-02,Robo a transeúnte en vía pública con violencia,TLACOTAL,primera
2024-04-12,Robo a transeúnte en vía pública con violencia,PANTITLAN,segunda
2024-02-08,Robo a pasajero a bordo de microbús con y sin violencia,PANTITLAN,primera
2024-02-22,Robo a transeúnte en vía pública con violencia,PANTITLAN,primera
2024-03-12,Robo a transeúnte en vía pública con violencia,PANTITLAN,primera
2024-05-11,Homicidio doloso,PANTITLAN,segunda
2024-06-15,Robo de vehículo con violencia,TLACOTAL,segunda
2024-05-30,Robo de vehículo sin violencia,TLACOTAL,segunda
2024-06-19,Lesiones dolosas por disparo de arma de fuego,TLACOTAL,segunda
2024-05-30,Robo a negocio con violencia,TLACOTAL,segunda
2024-04-01,Robo a negocio con violencia,TLACOTAL,segunda
2024-05-04,Robo a repartidor con y sin violencia,TLACOTAL,segunda
2024-06-14,Homicidio doloso,TLACOTAL,segunda
2024-06-18,Robo de vehículo sin violencia,TLACOTAL,segunda
2024-06-25,Robo de vehículo sin violencia,TLACOTAL,segunda
2024-06-13,Robo a transeúnte en vía pública con violencia,TLACOTAL,segunda
2024-06-26,Robo a transeúnte en vía pública con violencia,TLACOTAL,segunda
2024-01-24,Robo a transeúnte en vía pública con violencia,TLACOTAL,primera
2024-02-12,Robo de vehículo con violencia,TLACOTAL,primera
2024-01-12,Robo a transeúnte en vía pública con violencia,TLACOTAL,primera
2024-04-01,Robo de vehículo con violencia,TLACOTAL,segunda
2024-03-28,Robo de vehículo sin violencia,TLACOTAL,primera
2024-05-13,Robo a transeúnte en vía pública con violencia,TLACOTAL,segunda
2024-01-11,Robo a transeúnte en vía pública con violencia,TLACOTAL,primera
2024-02-20,Robo a transeúnte en vía pública con violencia,TLACOTAL,primera
2024-02-21,Robo de vehículo sin violencia,TLACOTAL,primera
2024-06-19,Robo a transeúnte en vía pública con violencia,TLACOTAL,segunda
2024-06-01,Robo a pasajero a bordo de microbús con y sin violencia,TLACOTAL,segunda
2024-05-28,Robo a pasajero a bordo de microbús con y sin violencia,TLACOTAL,segunda
2024-06-10,Robo de vehículo con violencia,TLACOTAL,segunda
2024-06-10,Robo de vehículo con violencia,TLACOTAL,segunda
2024-02-04,Robo de vehículo con violencia,TLACOTAL,primera
2024-01-06,Robo a transeúnte en vía pública con violencia,TLACOTAL,primera
2024-03-09,Robo de vehículo sin violencia,TLACOTAL,primera
2024-05-09,Robo a transeúnte en vía pública con violencia,TLACOTAL,segunda
2024-01-24,Robo a transeúnte en vía pública con violencia,TLACOTAL,primera
2024-01-04,Robo a transeúnte en vía pública con violencia,TLACOTAL,primera
2024-05-27,Robo de vehículo sin violencia,ARENAL,segunda
2024-06-12,Robo a transeúnte en vía pública con violencia,ARENAL,segunda
2024-06-13,Robo de vehículo sin violencia,ARENAL,segunda
2024-04-30,Robo a transeúnte en vía pública con violencia,ARENAL,segunda
2024-04-30,Robo de vehículo con violencia,ARENAL,segunda
2024-05-21,Robo de vehículo sin violencia,ARENAL,segunda
2024-05-07,Robo de vehículo con violencia,ARENAL,segunda
2024-05-13,Robo de vehículo con violencia,ARENAL,segunda
2024-01-06,Robo de vehículo sin violencia,ARENAL,primera
2024-04-13,Robo de vehículo sin violencia,ARENAL,segunda
2024-02-23,Robo de vehículo sin violencia,ARENAL,primera
2024-03-07,Robo a negocio con violencia,ARENAL,primera
2024-03-31,Robo de vehículo sin violencia,ARENAL,primera
2024-05-06,Robo de vehículo sin violencia,ARENAL,segunda
2024-04-11,Robo de vehículo sin violencia,ARENAL,segunda
2024-06-21,Robo de vehículo con violencia,ARENAL,segunda
2024-06-05,Robo de vehículo sin violencia,ARENAL,segunda
2024-06-03,Robo de vehículo sin violencia,ARENAL,segunda
2024-06-26,Robo a transeúnte en vía pública con violencia,ARENAL,segunda
2024-03-29,Robo de vehículo sin violencia,ARENAL,primera
2024-04-25,Robo a transeúnte en vía pública con violencia,ARENAL,segunda
2024-06-08,Robo de vehículo sin violencia,ARENAL,segunda
2024-03-20,Robo a transeúnte en vía pública con violencia,ARENAL,primera
2024-01-15,Robo a casa habitación con violencia,ARENAL,primera
2024-05-06,Robo a transeúnte en vía pública con violencia,ARENAL,segunda
2024-02-07,Robo a pasajero a bordo de microbús con y sin violencia,ARENAL,primera
2024-01-20,Robo a casa habitación con violencia,ARENAL,primera
2024-04-03,Homicidio doloso,ARENAL,segunda
2024-02-14,Robo a transeúnte en vía pública con violencia,ARENAL,primera
2024-04-26,Robo de vehículo sin violencia,ARENAL,segunda
2024-05-08,Robo de vehículo con violencia,ARENAL,segunda
2024-06-04,Robo a pasajero a bordo del metro con violencia,ARENAL,segunda
2024-06-15,Robo a transeúnte en vía pública con violencia,ARENAL,segunda
2024-06-20,Robo a transeúnte en vía pública con violencia,ARENAL,segunda
2024-06-25,Robo a transeúnte en vía pública con violencia,ARENAL,segunda
2024-05-06,Robo de vehículo sin violencia,ARENAL,segunda
2024-02-07,Robo a transeúnte en vía pública con violencia,ARENAL,primera
2024-02-08,Robo de vehículo con violencia,ARENAL,primera
2024-01-15,Robo de vehículo sin violencia,ARENAL,primera
2024-01-16,Robo a pasajero a bordo del metro con violencia,ARENAL,primera
2024-01-03,Robo de vehículo sin violencia,ARENAL,primera
2024-03-22,Robo a transeúnte en vía pública con violencia,ARENAL,primera
2024-03-02,Robo a transeúnte en vía pública con violencia,ARENAL,primera
2024-03-20,Robo a transeúnte en vía pública con violencia,CONSULADO,primera
2024-04-04,Robo de vehículo sin violencia,CONSULADO,segunda
2024-01-31,Robo a negocio con violencia,ARENAL,primera
2024-03-22,Robo a pasajero a bordo de microbús con y sin violencia,ARENAL,primera
2024-05-30,Robo a transeúnte en vía pública con violencia,ARENAL,segunda
2024-04-30,Robo de vehículo sin violencia,ARENAL,segunda
2024-03-19,Robo a transeúnte en vía pública con violencia,ARENAL,primera
2024-01-07,Robo de vehículo sin violencia,ARENAL,primera
2024-04-09,Robo de vehículo con violencia,ARENAL,segunda
2024-03-12,Robo de vehículo sin violencia,ARENAL,primera
2024-03-22,Robo de vehículo sin violencia,ARENAL,primera
2024-04-19,Robo a transeúnte en vía pública con violencia,ARENAL,segunda
2024-03-26,Robo a negocio con violencia,ARENAL,primera
2024-01-15,Robo a pasajero a bordo de taxi con violencia,ARENAL,primera
2024-02-29,Robo de vehículo sin violencia,ARENAL,primera
2024-04-28,Robo de vehículo sin violencia,ARENAL,segunda
2024-03-23,Robo de vehículo sin violencia,TLACOTAL,primera
2024-03-25,Robo a transeúnte en vía pública con violencia,TLACOTAL,primera
2024-04-16,Robo de vehículo con violencia,TLACOTAL,segunda
2024-03-05,Robo a transeúnte en vía pública con violencia,TLACOTAL,primera
2024-04-12,Robo de vehículo sin violencia,ARENAL,segunda
2024-01-19,Robo de vehículo sin violencia,ARENAL,primera
2024-03-12,Robo de vehículo con violencia,CONGRESO,primera
2024-04-04,Robo a transeúnte en vía pública con violencia,ARENAL,segunda
2024-01-19,Robo a casa habitación con violencia,ARENAL,primera
2024-05-04,Robo de vehículo sin violencia,TLACOTAL,segunda
2024-02-23,Robo de vehículo sin violencia,TLACOTAL,primera
2024-06-11,Robo a transeúnte en vía pública con violencia,TLACOTAL,segunda
2024-06-08,Robo a transeúnte en vía pública con violencia,TLACOTAL,segunda
2024-03-01,Robo a transeúnte en vía pública con violencia,CONGRESO,primera
2024-04-20,Homicidio doloso,TLACOTAL,segunda
2024-01-22,Robo a transeúnte en vía pública con violencia,TLACOTAL,primera
2024-02-02,Robo a transeúnte en vía pública con violencia,TLACOTAL,primera
2024-03-27,Robo de vehículo sin violencia,TLACOTAL,primera
2024-05-02,Robo a repartidor con y sin violencia,TLACOTAL,segunda
2024-05-27,Robo a pasajero a bordo de microbús con y sin violencia,TLACOTAL,segunda
2024-05-27,Homicidio doloso,CONGRESO,segunda
2024-03-07,Lesiones dolosas por disparo de arma de fuego,CONGRESO,primera
2024-05-28,Robo de vehículo con violencia,CONGRESO,segunda
2024-02-13,Robo a transeúnte en vía pública con violencia,CONGRESO,primera
2024-04-28,Robo a negocio con violencia,MERCED-BALBUENA,segunda
2024-05-12,Robo a negocio con violencia,MERCED-BALBUENA,segunda
2024-06-21,Robo a repartidor con y sin violencia,CONGRESO,segunda
2024-05-30,Robo a transeúnte en vía pública con violencia,CONGRESO,segunda
2024-04-29,Robo a transeúnte en vía pública con violencia,CONGRESO,segunda
2024-03-10,Robo a transeúnte en vía pública con violencia,CONGRESO,primera
2024-01-11,Robo a transeúnte en vía pública con violencia,CONGRESO,primera
2024-01-21,Robo a transeúnte en vía pública con violencia,CONGRESO,primera
2024-04-05,Robo a transeúnte en vía pública con violencia,CONGRESO,segunda
2024-03-16,Robo a transeúnte en vía pública con violencia,CONGRESO,primera
2024-06-03,Homicidio doloso,CONGRESO,segunda
2024-02-17,Robo de vehículo sin violencia,CONSULADO,primera
2024-06-10,Robo a negocio con violencia,CONGRESO,segunda
2024-02-07,Robo de vehículo sin violencia,CONSULADO,primera
2024-03-28,Robo de vehículo sin violencia,CONSULADO,primera
2024-04-26,Robo a negocio con violencia,CONSULADO,segunda
2024-06-08,Robo a casa habitación con violencia,CONSULADO,segunda
2024-05-06,Robo a transeúnte en vía pública con violencia,CONGRESO,segunda
2024-04-30,Robo a transeúnte en vía pública con violencia,CONGRESO,segunda
2024-04-22,Robo de vehículo sin violencia,CONSULADO,segunda
2024-02-20,Robo a transeúnte en vía pública con violencia,CONGRESO,primera
2024-02-28,Robo a transeúnte en vía pública con violencia,CONGRESO,primera
2024-02-23,Robo a transeúnte en vía pública con violencia,CONGRESO,primera
2024-05-14,Robo a transeúnte en vía pública con violencia,ARENAL,segunda
2024-06-03,Robo a repartidor con y sin violencia,CONGRESO,segunda
2024-06-05,Robo a transeúnte en vía pública con violencia,CONGRESO,segunda
2024-03-20,Robo a transeúnte en vía pública con violencia,CONGRESO,primera
2024-04-11,Robo a transeúnte en vía pública con violencia,CONGRESO,segunda
2024-01-11,Robo a transeúnte en vía pública con violencia,CONSULADO,primera
2024-02-12,Robo de vehículo sin violencia,CONSULADO,primera
2024-02-08,Robo de vehículo sin violencia,CONSULADO,primera
2024-01-15,Homicidio doloso,CONSULADO,primera
2024-04-19,Lesiones dolosas por disparo de arma de fuego,CONSULADO,segunda
2024-06-24,Homicidio doloso,CONSULADO,segunda
2024-01-29,Robo a transeúnte en vía pública con violencia,CONSULADO,primera
2024-01-23,Robo de vehículo sin violencia,CONSULADO,primera
2024-04-18,Robo a transeúnte en vía pública con violencia,CONSULADO,segunda
2024-02-14,Robo de vehículo sin violencia,CONSULADO,primera
2024-06-14,Robo de vehículo con violencia,CONSULADO,segunda
2024-05-02,Robo de vehículo sin violencia,CONSULADO,segunda
2024-01-03,Robo de vehículo sin violencia,CONSULADO,primera
2024-04-21,Robo de vehículo sin violencia,CONSULADO,segunda
2024-06-26,Robo de vehículo sin violencia,CONSULADO,segunda
2024-02-11,Robo a transeúnte en vía pública con violencia,CONSULADO,primera
2024-06-09,Robo de vehículo sin violencia,CONSULADO,segunda
2024-01-06,Homicidio doloso,CONSULADO,primera
2024-01-07,Robo a negocio con violencia,CONSULADO,primera
2024-05-25,Robo a transeúnte en vía pública con violencia,CONSULADO,segunda
2024-04-03,Robo de vehículo sin violencia,CONSULADO,segunda
2024-03-05,Robo a transeúnte en vía pública con violencia,CONSULADO,primera
2024-04-29,Robo a repartidor con y sin violencia,CONSULADO,segunda
2024-01-17,Robo a transeúnte en vía pública con violencia,CONSULADO,primera
2024-03-25,Robo a transeúnte en vía pública con violencia,CONSULADO,primera
2024-04-17,Robo de vehículo sin violencia,CONSULADO,segunda
2024-03-30,Robo de vehículo con violencia,CONSULADO,primera
2024-02-21,Robo a transeúnte en vía pública con violencia,CONSULADO,primera
2024-03-16,Robo de vehículo sin violencia,CONSULADO,primera
2024-01-06,Robo de vehículo sin violencia,CONSULADO,primera
2024-06-01,Robo a transeúnte en vía pública con violencia,CONSULADO,segunda
2024-03-09,Robo de vehículo sin violencia,CONSULADO,primera
2024-06-16,Robo a transeúnte en vía pública con violencia,CONGRESO,segunda
2024-01-04,Robo a transeúnte en vía pública con violencia,CONGRESO,primera
2024-02-23,Robo a transeúnte en vía pública con violencia,CONGRESO,primera
2024-02-21,Robo a transeúnte en vía pública con violencia,CONGRESO,primera
2024-05-20,Robo de vehículo sin violencia,CONSULADO,segunda
2024-05-31,Robo a transeúnte en vía pública con violencia,CONSULADO,segunda
2024-04-08,Robo a transeúnte en vía pública con violencia,CONSULADO,segunda
2024-01-13,Robo de vehículo sin violencia,CONSULADO,primera
2024-06-11,Robo de vehículo sin violencia,MERCED-BALBUENA,segunda
2024-01-03,Robo de vehículo sin violencia,MERCED-BALBUENA,primera
2024-05-26,Robo de vehículo sin violencia,MERCED-BALBUENA,segunda
2024-01-23,Robo a transeúnte en vía pública con violencia,MERCED-BALBUENA,primera
2024-01-29,Robo a negocio con violencia,MERCED-BALBUENA,primera
2024-03-23,Homicidio doloso,MERCED-BALBUENA,primera
2024-06-21,Robo a repartidor con y sin violencia,MERCED-BALBUENA,segunda
2024-04-21,Robo de vehículo sin violencia,MERCED-BALBUENA,segunda
2024-03-19,Robo a transeúnte en vía pública con violencia,MERCED-BALBUENA,primera
2024-02-07,Robo a transeúnte en vía pública con violencia,MERCED-BALBUENA,primera
2024-03-27,Robo a transeúnte en vía pública con violencia,MERCED-BALBUENA,primera
2024-04-30,Homicidio doloso,MERCED-BALBUENA,segunda
2024-01-11,Robo de vehículo sin violencia,MERCED-BALBUENA,primera
2024-06-19,Robo a transeúnte en vía pública con violencia,MERCED-BALBUENA,segunda
2024-04-27,Robo a transeúnte en vía pública con violencia,MERCED-BALBUENA,segunda
2024-06-28,Robo a transeúnte en vía pública con violencia,MERCED-BALBUENA,segunda
2024-02-12,Robo a transeúnte en vía pública con violencia,MERCED-BALBUENA,primera
2024-01-05,Robo a transeúnte en vía pública con violencia,MERCED-BALBUENA,primera
2024-04-16,Robo de vehículo sin violencia,MERCED-BALBUENA,segunda
2024-03-03,Robo de vehículo sin violencia,MERCED-BALBUENA,primera
2024-02-22,Robo de vehículo sin violencia,MERCED-BALBUENA,primera
2024-03-07,Robo a pasajero a bordo de microbús con y sin violencia,MERCED-BALBUENA,primera
2024-02-09,Robo a pasajero a bordo del metro con violencia,MERCED-BALBUENA,primera
2024-03-12,Robo de vehículo sin violencia,MERCED-BALBUENA,primera
2024-01-17,Robo a negocio con violencia,MERCED-BALBUENA,primera
2024-01-12,Homicidio doloso,MERCED-BALBUENA,primera
2024-04-12,Homicidio doloso,MERCED-BALBUENA,segunda
2024-06-02,Robo de vehículo sin violencia,MERCED-BALBUENA,segunda
2024-01-18,Robo a transeúnte en vía pública con violencia,MERCED-BALBUENA,primera
2024-01-31,Robo de vehículo sin violencia,MERCED-BALBUENA,primera
2024-01-23,Robo de vehículo sin violencia,MERCED-BALBUENA,primera
2024-02-04,Robo a transeúnte en vía pública con violencia,MERCED-BALBUENA,primera
2024-04-19,Robo a transeúnte en vía pública con violencia,MERCED-BALBUENA,segunda
2024-02-21,Robo a transeúnte en vía pública con violencia,MERCED-BALBUENA,primera
2024-04-12,Robo a negocio con violencia,MERCED-BALBUENA,segunda
2024-03-12,Robo a negocio con violencia,MERCED-BALBUENA,primera
2024-05-31,Robo de vehículo sin violencia,MERCED-BALBUENA,segunda
2024-05-20,Robo de vehículo con violencia,MERCED-BALBUENA,segunda
2024-05-11,Robo a transeúnte en vía pública con violencia,MERCED-BALBUENA,segunda
2024-01-10,Robo de vehículo sin violencia,MERCED-BALBUENA,primera
2024-05-20,Robo de vehículo sin violencia,MERCED-BALBUENA,segunda
2024-04-11,Homicidio doloso,MERCED-BALBUENA,segunda
2024-02-12,Robo a transeúnte en vía pública con violencia,MERCED-BALBUENA,primera
2024-02-21,Robo a transeúnte en vía pública con violencia,MERCED-BALBUENA,primera
2024-03-16,Robo de vehículo sin violencia,MERCED-BALBUENA,primera
2024-05-16,Robo a pasajero a bordo de microbús con y sin violencia,MERCED-BALBUENA,segunda
2024-06-17,Homicidio doloso,MERCED-BALBUENA,segunda
2024-05-02,Robo a transeúnte en vía pública con violencia,MERCED-BALBUENA,segunda
2024-03-20,Robo de vehículo sin violencia,MERCED-BALBUENA,primera
2024-06-12,Robo a transeúnte en vía pública con violencia,MERCED-BALBUENA,segunda
2024-01-10,Robo a transeúnte en vía pública con violencia,MERCED-BALBUENA,primera
2024-03-24,Robo de vehículo sin violencia,MERCED-BALBUENA,primera
2024-03-15,Robo a transeúnte en vía pública con violencia,MERCED-BALBUENA,primera
2024-05-18,Robo a transeúnte en vía pública con violencia,CONGRESO,segunda
2024-04-18,Robo a negocio con violencia,CONGRESO,segunda
2024-04-30,Robo a cuentahabiente saliendo del cajero con violencia,CONGRESO,segunda
2024-01-07,Robo a transeúnte en vía pública con violencia,CONGRESO,primera
2024-06-01,Robo a negocio con violencia,MERCED-BALBUENA,segunda
2024-05-09,Robo de vehículo sin violencia,CONSULADO,segunda
2024-02-14,Robo a transeúnte en vía pública con violencia,CONSULADO,primera
2024-06-18,Robo a transeúnte en vía pública con violencia,CONSULADO,segunda
2024-03-07,Robo a transeúnte en vía pública con violencia,CONSULADO,primera
2024-03-06,Homicidio doloso,CONSULADO,primera
2024-02-15,Homicidio doloso,CONSULADO,primera
2024-03-16,Robo a transeúnte en vía pública con violencia,CONSULADO,primera
2024-06-03,Robo de vehículo sin violencia,CONSULADO,segunda
2024-04-27,Robo de vehículo sin violencia,CONSULADO,segunda
2024-03-16,Lesiones dolosas por disparo de arma de fuego,CONSULADO,primera
2024-02-26,Homicidio doloso,CONSULADO,primera
2024-05-23,Robo a negocio con violencia,CONSULADO,segunda
2024-01-25,Robo de vehículo con violencia,MERCED-BALBUENA,primera
2024-03-22,Robo a transeúnte en vía pública con violencia,MERCED-BALBUENA,primera
2024-05-09,Robo de vehículo sin violencia,MERCED-BALBUENA,segunda
2024-05-27,Robo de vehículo sin violencia,MERCED-BALBUENA,segunda
2024-05-10,Robo de vehículo con violencia,MERCED-BALBUENA,segunda
2024-02-13,Robo a transeúnte en vía pública con violencia,MERCED-BALBUENA,primera
2024-06-23,Robo de vehículo sin violencia,MERCED-BALBUENA,segunda
2024-05-28,Robo a transeúnte en vía pública con violencia,MERCED-BALBUENA,segunda
2024-06-29,Robo a transeúnte en vía pública con violencia,MERCED-BALBUENA,segunda
2024-04-11,Robo de vehículo sin violencia,MERCED-BALBUENA,segunda
2024-01-29,Robo a transeúnte en vía pública con violencia,MERCED-BALBUENA,primera
2024-04-03,Robo a transeúnte en vía pública con violencia,MERCED-BALBUENA,segunda
2024-06-12,Robo de vehículo sin violencia,MERCED-BALBUENA,segunda
2024-05-16,Robo a transeúnte en vía pública con violencia,MERCED-BALBUENA,segunda
2024-06-10,Robo a transeúnte en vía pública con violencia,MERCED-BALBUENA,segunda
2024-06-30,Robo a transeúnte en vía pública con violencia,MERCED-BALBUENA,segunda
2024-03-13,Robo a repartidor con y sin violencia,MERCED-BALBUENA,primera
2024-03-19,Robo a negocio con violencia,MERCED-BALBUENA,primera
2024-05-16,Robo a transeúnte en vía pública con violencia,MERCED-BALBUENA,segunda
2024-05-16,Lesiones dolosas por disparo de arma de fuego,MERCED-BALBUENA,segunda
2024-02-22,Robo a transeúnte en vía pública con violencia,MERCED-BALBUENA,primera
2024-04-05,Robo de vehículo sin violencia,MERCED-BALBUENA,segunda
2024-01-27,Robo a repartidor con y sin violencia,MERCED-BALBUENA,primera
2024-05-22,Robo a transeúnte en vía pública con violencia,MOCTEZUMA,segunda
2024-05-20,Robo de vehículo sin violencia,MOCTEZUMA,segunda
2024-03-22,Robo a transeúnte en vía pública con violencia,MOCTEZUMA,primera
2024-03-15,Robo a transeúnte en vía pública con violencia,MOCTEZUMA,primera
2024-03-14,Robo a transeúnte en vía pública con violencia,MOCTEZUMA,primera
2024-06-14,Robo a transeúnte en vía pública con violencia,MOCTEZUMA,segunda
2024-03-14,Robo de vehículo con violencia,MOCTEZUMA,primera
2024-04-26,Robo de vehículo sin violencia,MOCTEZUMA,segunda
2024-04-23,Robo a transeúnte en vía pública con violencia,MOCTEZUMA,segunda
2024-01-19,Robo de vehículo sin violencia,MOCTEZUMA,primera
2024-02-16,Robo a transeúnte en vía pública con violencia,MOCTEZUMA,primera
2024-03-22,Robo a transeúnte en vía pública con violencia,MOCTEZUMA,primera
2024-01-04,Robo a transeúnte en vía pública con violencia,MOCTEZUMA,primera
2024-01-05,Robo de vehículo con violencia,MOCTEZUMA,primera
2024-05-20,Robo a negocio con violencia,MOCTEZUMA,segunda
2024-03-20,Robo a negocio con violencia,MOCTEZUMA,primera
2024-01-18,Robo a repartidor con y sin violencia,MOCTEZUMA,primera
2024-06-18,Robo a repartidor con y sin violencia,MOCTEZUMA,segunda
2024-06-03,Robo a transeúnte en vía pública con violencia,MOCTEZUMA,segunda
2024-01-13,Robo de vehículo sin violencia,MOCTEZUMA,primera
2024-01-01,Robo a transeúnte en vía pública con violencia,MOCTEZUMA,primera
2024-04-13,Robo de vehículo sin violencia,MOCTEZUMA,segunda
2024-04-25,Robo de vehículo sin violencia,MOCTEZUMA,segunda
2024-03-18,Robo de vehículo sin violencia,MOCTEZUMA,primera
2024-02-17,Robo de vehículo sin violencia,MOCTEZUMA,primera
2024-06-17,Robo de vehículo sin violencia,MOCTEZUMA,segunda
2024-06-16,Robo a transeúnte en vía pública con violencia,MOCTEZUMA,segunda
2024-04-05,Robo de vehículo sin violencia,MOCTEZUMA,segunda
2024-03-01,Robo de vehículo sin violencia,MOCTEZUMA,primera
2024-02-17,Robo de vehículo sin violencia,MOCTEZUMA,primera
2024-01-14,Homicidio doloso,MOCTEZUMA,primera
2024-06-12,Robo a transeúnte en vía pública con violencia,MOCTEZUMA,segunda
2024-01-26,Robo de vehículo sin violencia,MOCTEZUMA,primera
2024-01-20,Robo de vehículo sin violencia,MOCTEZUMA,primera
2024-04-14,Robo de vehículo sin violencia,MOCTEZUMA,segunda
2024-02-18,Robo de vehículo sin violencia,MOCTEZUMA,primera
2024-06-28,Robo de vehículo con violencia,MOCTEZUMA,segunda
2024-02-28,Robo a transeúnte en vía pública con violencia,MOCTEZUMA,primera
2024-06-21,Robo a repartidor con y sin violencia,MOCTEZUMA,segunda
2024-01-31,Robo de vehículo sin violencia,MOCTEZUMA,primera
2024-06-18,Robo de vehículo sin violencia,MOCTEZUMA,segunda
2024-06-25,Robo a transeúnte en vía pública con violencia,MOCTEZUMA,segunda
2024-03-06,Lesiones dolosas por disparo de arma de fuego,MOCTEZUMA,primera
2024-01-25,Robo de vehículo sin violencia,MOCTEZUMA,primera
2024-02-08,Robo de vehículo sin violencia,MOCTEZUMA,primera
2024-02-22,Robo a transeúnte en vía pública con violencia,MOCTEZUMA,primera
2024-02-19,Robo de vehículo sin violencia,MOCTEZUMA,primera
2024-05-08,Robo de vehículo sin violencia,MOCTEZUMA,segunda
2024-03-14,Robo a transeúnte en vía pública con violencia,MOCTEZUMA,primera
2024-02-17,Homicidio doloso,MOCTEZUMA,primera
2024-05-18,Robo de vehículo sin violencia,MOCTEZUMA,segunda
2024-05-05,Robo a transeúnte en vía pública con violencia,MOCTEZUMA,segunda
2024-04-25,Robo de vehículo sin violencia,MOCTEZUMA,segunda
2024-04-26,Robo a transeúnte en vía pública con violencia,MOCTEZUMA,segunda
2024-06-24,Robo de vehículo con violencia,MOCTEZUMA,segunda
2024-04-25,Robo de vehículo sin violencia,MOCTEZUMA,segunda
2024-01-10,Robo de vehículo sin violencia,MOCTEZUMA,primera
2024-03-16,Robo de vehículo sin violencia,MERCED-BALBUENA,primera
2024-01-04,Robo de vehículo sin violencia,MERCED-BALBUENA,primera
2024-05-06,Robo de vehículo sin violencia,MERCED-BALBUENA,segunda
2024-01-18,Robo a pasajero a bordo de microbús con y sin violencia,MERCED-BALBUENA,primera
2024-05-26,Homicidio doloso,MERCED-BALBUENA,segunda
2024-01-03,Robo a transeúnte en vía pública con violencia,MERCED-BALBUENA,primera
2024-06-28,Robo a transeúnte en vía pública con violencia,MERCED-BALBUENA,segunda
2024-06-18,Robo de vehículo sin violencia,MERCED-BALBUENA,segunda
2024-05-11,Robo a cuentahabiente saliendo del cajero con violencia,MERCED-BALBUENA,segunda
2024-02-09,Robo a negocio con violencia,MERCED-BALBUENA,primera
2024-03-04,Robo a transeúnte en vía pública con violencia,MOCTEZUMA,primera
2024-01-14,Robo de vehículo con violencia,MOCTEZUMA,primera
2024-04-09,Robo a transeúnte en vía pública con violencia,MOCTEZUMA,segunda
2024-06-06,Robo de vehículo sin violencia,ZARAGOZA,segunda
2024-01-25,Robo a pasajero a bordo de taxi con violencia,MOCTEZUMA,primera
2024-01-16,Robo a negocio con violencia,MOCTEZUMA,primera
2024-02-24,Robo a pasajero a bordo de taxi con violencia,MOCTEZUMA,primera
2024-05-06,Lesiones dolosas por disparo de arma de fuego,MOCTEZUMA,segunda
2024-05-09,Robo de vehículo sin violencia,MOCTEZUMA,segunda
2024-01-18,Robo de vehículo sin violencia,MOCTEZUMA,primera
2024-04-19,Robo a transeúnte en vía pública con violencia,MOCTEZUMA,segunda
2024-05-22,Robo a negocio con violencia,MOCTEZUMA,segunda
2024-06-20,Robo a transeúnte en vía pública con violencia,MOCTEZUMA,segunda
2024-05-07,Robo de vehículo sin violencia,MOCTEZUMA,segunda
2024-01-20,Robo de vehículo sin violencia,MOCTEZUMA,primera
2024-01-10,Robo de vehículo con violencia,MOCTEZUMA,primera
2024-01-08,Robo a transeúnte en vía pública con violencia,MOCTEZUMA,primera
2024-06-03,Robo a transeúnte en vía pública con violencia,MOCTEZUMA,segunda
2024-02-18,Lesiones dolosas por disparo de arma de fuego,MOCTEZUMA,primera
2024-06-21,Robo a transeúnte en vía pública con violencia,MOCTEZUMA,segunda
2024-01-27,Robo de vehículo con violencia,MOCTEZUMA,primera
2024-03-04,Robo a transeúnte en vía pública con violencia,MOCTEZUMA,primera
2024-01-08,Robo a negocio con violencia,ZARAGOZA,primera
2024-06-16,Robo a transeúnte en vía pública con violencia,MOCTEZUMA,segunda
2024-02-03,Robo de vehículo sin violencia,MOCTEZUMA,primera
2024-01-29,Robo a transportista con y sin violencia,MOCTEZUMA,primera
2024-06-19,Robo a transeúnte en vía pública con violencia,MOCTEZUMA,segunda
2024-01-14,Lesiones dolosas por disparo de arma de fuego,MOCTEZUMA,primera
2024-01-09,Robo a transeúnte en vía pública con violencia,MOCTEZUMA,primera
2024-02-19,Robo a transeúnte en vía pública con violencia,MOCTEZUMA,primera
2024-02-25,Robo a negocio con violencia,MOCTEZUMA,primera
2024-01-03,Robo de vehículo con violencia,MOCTEZUMA,primera
2024-05-14,Robo de vehículo sin violencia,ABASTO-REFORMA,segunda
2024-06-05,Robo de vehículo con violencia,MOCTEZUMA,segunda
2024-04-15,Robo de vehículo sin violencia,ABASTO-REFORMA,segunda
2024-01-13,Robo de vehículo sin violencia,ABASTO-REFORMA,primera
2024-01-03,Robo a transeúnte en vía pública con violencia,ZARAGOZA,primera
2024-03-26,Robo de vehículo sin violencia,MOCTEZUMA,primera
2024-01-24,Robo de vehículo sin violencia,MOCTEZUMA,primera
2024-06-24,Robo a transeúnte en vía pública con violencia,MOCTEZUMA,segunda
2024-06-07,Robo de vehículo sin violencia,MOCTEZUMA,segunda
2024-06-06,Robo de vehículo sin violencia,MOCTEZUMA,segunda
2024-06-08,Robo de vehículo sin violencia,MOCTEZUMA,segunda
2024-06-09,Robo a transeúnte en vía pública con violencia,MOCTEZUMA,segunda
2024-05-09,Robo de vehículo sin violencia,MOCTEZUMA,segunda
2024-05-07,Robo a transeúnte en vía pública con violencia,MOCTEZUMA,segunda
2024-02-07,Robo de vehículo sin violencia,MOCTEZUMA,primera
2024-03-01,Robo de vehículo sin violencia,MOCTEZUMA,primera
2024-03-13,Robo a transeúnte en vía pública con violencia,MOCTEZUMA,primera
2024-05-30,Robo de vehículo sin violencia,MOCTEZUMA,segunda
2024-03-01,Robo de vehículo con violencia,ZARAGOZA,primera
2024-06-10,Robo a transeúnte en vía pública con violencia,ZARAGOZA,segunda
2024-01-07,Homicidio doloso,MOCTEZUMA,primera
2024-06-06,Robo de vehículo sin violencia,ZARAGOZA,segunda
2024-04-24,Robo de vehículo con violencia,ZARAGOZA,segunda
2024-02-16,Robo de vehículo con violencia,ZARAGOZA,primera
2024-02-01,Robo a transeúnte en vía pública con violencia,MOCTEZUMA,primera
2024-04-10,Robo a transeúnte en vía pública con violencia,MOCTEZUMA,segunda
2024-05-02,Robo de vehículo sin violencia,MOCTEZUMA,segunda
2024-06-21,Robo de vehículo sin violencia,MOCTEZUMA,segunda
2024-03-28,Robo de vehículo sin violencia,MOCTEZUMA,primera
2024-02-19,Robo a transeúnte en vía pública con violencia,MOCTEZUMA,primera
2024-03-24,Robo a negocio con violencia,MOCTEZUMA,primera
2024-06-08,Robo a transeúnte en vía pública con violencia,ZARAGOZA,segunda
2024-05-27,Robo de vehículo sin violencia,ZARAGOZA,segunda
2024-04-04,Robo a pasajero a bordo de taxi con violencia,ZARAGOZA,segunda
2024-03-26,Robo a negocio con violencia,ZARAGOZA,primera
2024-06-04,Robo de vehículo sin violencia,ZARAGOZA,segunda
2024-06-08,Robo de vehículo sin violencia,ZARAGOZA,segunda
2024-05-25,Robo de vehículo con violencia,ZARAGOZA,segunda
2024-06-10,Robo a transeúnte en vía pública con violencia,ZARAGOZA,segunda
2024-01-25,Robo a transeúnte en vía pública con violencia,ZARAGOZA,primera
2024-03-15,Lesiones dolosas por disparo de arma de fuego,ZARAGOZA,primera
2024-03-15,Robo a pasajero a bordo de taxi con violencia,ZARAGOZA,primera
2024-04-08,Robo a transeúnte en vía pública con violencia,ZARAGOZA,segunda
2024-05-21,Robo de vehículo sin violencia,ZARAGOZA,segunda
2024-02-08,Robo a repartidor con y sin violencia,ZARAGOZA,primera
2024-06-17,Robo de vehículo sin violencia,ZARAGOZA,segunda
2024-02-04,Robo de vehículo con violencia,ZARAGOZA,primera
2024-01-14,Robo de vehículo sin violencia,ZARAGOZA,primera
2024-03-21,Robo de vehículo sin violencia,ZARAGOZA,primera
2024-02-19,Robo de vehículo con violencia,ZARAGOZA,primera
2024-01-21,Robo a casa habitación con violencia,ZARAGOZA,primera
2024-05-27,Robo a negocio con violencia,ZARAGOZA,segunda
2024-03-28,Robo a negocio con violencia,ZARAGOZA,primera
2024-04-27,Robo de vehículo sin violencia,ZARAGOZA,segunda
2024-01-03,Robo de vehículo con violencia,ZARAGOZA,primera
2024-04-26,Robo de vehículo sin violencia,ZARAGOZA,segunda
2024-06-03,Robo de vehículo sin violencia,ABASTO-REFORMA,segunda
2024-03-07,Robo de vehículo sin violencia,ZARAGOZA,primera
2024-06-21,Robo a transeúnte en vía pública con violencia,ZARAGOZA,segunda
2024-02-15,Robo a transeúnte en vía pública con violencia,ZARAGOZA,primera
2024-03-02,Robo de vehículo con violencia,ZARAGOZA,primera
2024-01-28,Robo de vehículo sin violencia,ABASTO-REFORMA,primera
2024-01-22,Robo a transeúnte en vía pública con violencia,ABASTO-REFORMA,primera
2024-01-11,Robo a transeúnte en vía pública con violencia,ABASTO-REFORMA,primera
2024-03-22,Robo a repartidor con y sin violencia,MOCTEZUMA,primera
2024-01-11,Robo a repartidor con y sin violencia,MOCTEZUMA,primera
2024-06-06,Robo a pasajero a bordo de taxi con violencia,MOCTEZUMA,segunda
2024-04-03,Lesiones dolosas por disparo de arma de fuego,MOCTEZUMA,segunda
2024-02-07,Robo a negocio con violencia,MOCTEZUMA,primera
2024-02-16,Robo de vehículo con violencia,MOCTEZUMA,primera
2024-04-14,Robo de vehículo sin violencia,MOCTEZUMA,segunda
2024-04-29,Robo de vehículo sin violencia,ZARAGOZA,segunda
2024-01-06,Robo de vehículo sin violencia,ZARAGOZA,primera
2024-03-07,Robo a transportista con y sin violencia,ABASTO-REFORMA,primera
2024-06-18,Robo a transeúnte en vía pública con violencia,MOCTEZUMA,segunda
2024-05-22,Robo a cuentahabiente saliendo del cajero con violencia,ABASTO-REFORMA,segunda
2024-03-11,Robo de vehículo sin violencia,ABASTO-REFORMA,primera
2024-05-04,Robo de vehículo sin violencia,ABASTO-REFORMA,segunda
2024-04-26,Robo a transeúnte en vía pública con violencia,ABASTO-REFORMA,segunda
2024-05-12,Robo de vehículo sin violencia,ABASTO-REFORMA,segunda
2024-03-19,Robo de vehículo sin violencia,ABASTO-REFORMA,primera
2024-05-06,Robo de vehículo sin violencia,ABASTO-REFORMA,segunda
2024-03-02,Robo de vehículo sin violencia,ABASTO-REFORMA,primera
2024-02-13,Lesiones dolosas por disparo de arma de fuego,ABASTO-REFORMA,primera
2024-02-01,Robo de vehículo sin violencia,ABASTO-REFORMA,primera
2024-04-12,Robo de vehículo sin violencia,ABASTO-REFORMA,segunda
2024-06-02,Lesiones dolosas por disparo de arma de fuego,ABASTO-REFORMA,segunda
2024-01-08,Robo a casa habitación con violencia,ABASTO-REFORMA,primera
2024-03-25,Robo a pasajero a bordo de microbús con y sin violencia,ABASTO-REFORMA,primera
2024-04-28,Robo a repartidor con y sin violencia,ABASTO-REFORMA,segunda
2024-04-03,Robo de vehículo sin violencia,ABASTO-REFORMA,segunda
2024-01-18,Robo de vehículo sin violencia,ABASTO-REFORMA,primera
2024-03-15,Robo de vehículo sin violencia,ABASTO-REFORMA,primera
2024-01-25,Robo de vehículo con violencia,ABASTO-REFORMA,primera
2024-06-08,Robo a transeúnte en vía pública con violencia,ABASTO-REFORMA,segunda
2024-06-18,Robo de vehículo sin violencia,ABASTO-REFORMA,segunda
2024-04-27,Robo de vehículo sin violencia,ABASTO-REFORMA,segunda
2024-06-30,Robo a transeúnte en vía pública con violencia,ABASTO-REFORMA,segunda
2024-01-29,Robo de vehículo sin violencia,ABASTO-REFORMA,primera
2024-01-09,Robo de vehículo sin violencia,ABASTO-REFORMA,primera
2024-06-17,Robo a pasajero a bordo de microbús con y sin violencia,ABASTO-REFORMA,segunda
2024-06-09,Robo a negocio con violencia,ABASTO-REFORMA,segunda
2024-06-13,Robo a negocio con violencia,ABASTO-REFORMA,segunda
2024-01-26,Robo de vehículo sin violencia,ABASTO-REFORMA,primera
2024-06-01,Robo a transeúnte en vía pública con violencia,ABASTO-REFORMA,segunda
2024-05-21,Robo de vehículo con violencia,ABASTO-REFORMA,segunda
2024-06-18,Robo a transeúnte en vía pública con violencia,ABASTO-REFORMA,segunda
2024-06-28,Robo de vehículo sin violencia,ABASTO-REFORMA,segunda
2024-01-17,Robo a transeúnte en vía pública con violencia,ABASTO-REFORMA,primera
2024-02-03,Robo a transeúnte en vía pública con violencia,ABASTO-REFORMA,primera
2024-02-05,Robo de vehículo sin violencia,ABASTO-REFORMA,primera
2024-04-02,Robo de vehículo sin violencia,ABASTO-REFORMA,segunda
2024-04-12,Robo de vehículo sin violencia,ABASTO-REFORMA,segunda
2024-02-22,Robo a transeúnte en vía pública con violencia,ABASTO-REFORMA,primera
2024-03-03,Robo a casa habitación con violencia,ABASTO-REFORMA,primera
2024-05-25,Robo de vehículo sin violencia,ABASTO-REFORMA,segunda
2024-02-04,Homicidio doloso,ABASTO-REFORMA,primera
2024-03-20,Robo a pasajero a bordo de taxi con violencia,ABASTO-REFORMA,primera
2024-03-22,Robo a negocio con violencia,ABASTO-REFORMA,primera
2024-06-10,Homicidio doloso,ABASTO-REFORMA,segunda
2024-03-28,Robo de vehículo sin violencia,ABASTO-REFORMA,primera
2024-01-19,Robo de vehículo sin violencia,ABASTO-REFORMA,primera
2024-01-18,Robo a transeúnte en vía pública con violencia,ABASTO-REFORMA,primera
2024-02-14,Robo de vehículo sin violencia,ABASTO-REFORMA,primera
2024-02-02,Robo a transeúnte en vía pública con violencia,ABASTO-REFORMA,primera
2024-02-11,Robo a transeúnte en vía pública con violencia,ABASTO-REFORMA,primera
2024-02-06,Robo de vehículo sin violencia,ABASTO-REFORMA,primera
2024-05-30,Robo de vehículo sin violencia,ABASTO-REFORMA,segunda
2024-01-19,Robo de vehículo sin violencia,ABASTO-REFORMA,primera
2024-02-14,Robo de vehículo sin violencia,ABASTO-REFORMA,primera
2024-04-02,Robo a transeúnte en vía pública con violencia,ABASTO-REFORMA,segunda
2024-03-21,Robo de vehículo sin violencia,ABASTO-REFORMA,primera
2024-01-11,Robo a transeúnte en vía pública con violencia,ABASTO-REFORMA,primera
2024-06-20,Robo de vehículo sin violencia,ABASTO-REFORMA,segunda
2024-03-01,Robo de vehículo sin violencia,ABASTO-REFORMA,primera
2024-01-20,Robo de vehículo sin violencia,ABASTO-REFORMA,primera
2024-01-20,Robo de vehículo sin violencia,ABASTO-REFORMA,primera
2024-03-01,Robo de vehículo sin violencia,ABASTO-REFORMA,primera
2024-05-02,Robo de vehículo sin violencia,ABASTO-REFORMA,segunda
2024-06-19,Robo a transeúnte en vía pública con violencia,ABASTO-REFORMA,segunda
2024-05-28,Robo de vehículo sin violencia,ABASTO-REFORMA,segunda
2024-06-22,Robo de vehículo sin violencia,ABASTO-REFORMA,segunda
2024-06-16,Robo de vehículo sin violencia,ABASTO-REFORMA,segunda
2024-04-14,Robo de vehículo sin violencia,ABASTO-REFORMA,segunda
2024-04-13,Robo de vehículo sin violencia,ABASTO-REFORMA,segunda
2024-01-05,Robo de vehículo sin violencia,ABASTO-REFORMA,primera
2024-01-02,Robo de vehículo sin violencia,ABASTO-REFORMA,primera
2024-05-22,Robo de vehículo sin violencia,ABASTO-REFORMA,segunda
2024-06-29,Robo de vehículo sin violencia,ABASTO-REFORMA,segunda
2024-05-22,Robo de vehículo con violencia,ABASTO-REFORMA,segunda
2024-01-31,Robo a transeúnte en vía pública con violencia,ABASTO-REFORMA,primera
2024-01-09,Robo de vehículo sin violencia,ABASTO-REFORMA,primera
2024-02-25,Robo de vehículo sin violencia,ABASTO-REFORMA,primera
2024-03-15,Robo a transeúnte en vía pública con violencia,ABASTO-REFORMA,primera
2024-04-14,Robo a transeúnte en vía pública con violencia,ABASTO-REFORMA,segunda
2024-02-28,Robo de vehículo sin violencia,ABASTO-REFORMA,primera
2024-02-13,Robo a negocio con violencia,ABASTO-REFORMA,primera
2024-03-18,Robo a negocio con violencia,ABASTO-REFORMA,primera
2024-04-18,Robo de vehículo sin violencia,ABASTO-REFORMA,segunda
2024-06-01,Robo a negocio con violencia,ABASTO-REFORMA,segunda
2024-06-13,Robo a negocio con violencia,ABASTO-REFORMA,segunda
2024-01-08,Robo a transeúnte en vía pública con violencia,ABASTO-REFORMA,primera
2024-01-05,Robo de vehículo sin violencia,ABASTO-REFORMA,primera
2024-02-19,Robo de vehículo sin violencia,ABASTO-REFORMA,primera
2024-02-21,Robo a transeúnte en vía pública con violencia,ABASTO-REFORMA,primera
2024-04-15,Robo de vehículo sin violencia,ABASTO-REFORMA,segunda
2024-06-12,Homicidio doloso,ABASTO-REFORMA,segunda
2024-04-09,Robo a repartidor con y sin violencia,ABASTO-REFORMA,segunda
2024-02-14,Robo de vehículo sin violencia,ABASTO-REFORMA,primera
2024-04-23,Robo a transeúnte en vía pública con violencia,ABASTO-REFORMA,segunda
2024-03-05,Robo a transeúnte en vía pública con violencia,ABASTO-REFORMA,primera
2024-02-09,Robo de vehículo con violencia,ABASTO-REFORMA,primera
2024-04-09,Robo de vehículo sin violencia,ABASTO-REFORMA,segunda
2024-01-04,Robo de vehículo sin violencia,ABASTO-REFORMA,primera
2024-01-26,Robo a pasajero a bordo de microbús con y sin violencia,ABASTO-REFORMA,primera
2024-02-07,Robo a negocio con violencia,ABASTO-REFORMA,primera
2024-06-02,Robo de vehículo sin violencia,ABASTO-REFORMA,segunda
2024-04-20,Robo de vehículo con violencia,ABASTO-REFORMA,segunda
2024-03-17,Robo a transeúnte en vía pública con violencia,ABASTO-REFORMA,primera
2024-05-21,Robo a transeúnte en vía pública con violencia,ABASTO-REFORMA,segunda
2024-05-29,Robo de vehículo sin violencia,ABASTO-REFORMA,segunda
2024-06-11,Robo a transeúnte en vía pública con violencia,ABASTO-REFORMA,segunda
2024-05-28,Robo a transeúnte en vía pública con violencia,ABASTO-REFORMA,segunda
2024-05-29,Robo a transeúnte en vía pública con violencia,ABASTO-REFORMA,segunda
2024-04-03,Robo a transeúnte en vía pública con violencia,ABASTO-REFORMA,segunda
2024-03-03,Robo de vehículo sin violencia,ABASTO-REFORMA,primera
2024-05-31,Robo a transeúnte en vía pública con violencia,ABASTO-REFORMA,segunda
2024-05-14,Robo a transeúnte en vía pública con violencia,ABASTO-REFORMA,segunda
2024-02-10,Robo de vehículo sin violencia,ABASTO-REFORMA,primera
2024-01-11,Robo de vehículo sin violencia,ABASTO-REFORMA,primera
2024-06-18,Robo de vehículo sin violencia,ABASTO-REFORMA,segunda
2024-06-01,Robo de vehículo con violencia,ABASTO-REFORMA,segunda
2024-06-21,Robo de vehículo sin violencia,ABASTO-REFORMA,segunda
2024-02-01,Robo de vehículo sin violencia,ABASTO-REFORMA,primera
2024-01-04,Robo a transeúnte en vía pública con violencia,ABASTO-REFORMA,primera
2024-04-11,Robo de vehículo sin violencia,ABASTO-REFORMA,segunda
2024-01-29,Robo a pasajero a bordo de microbús con y sin violencia,ABASTO-REFORMA,primera
2024-04-02,Robo a pasajero a bordo de microbús con y sin violencia,ABASTO-REFORMA,segunda
2024-06-13,Robo a transeúnte en vía pública con violencia,ABASTO-REFORMA,segunda
2024-05-14,Robo de vehículo sin violencia,ABASTO-REFORMA,segunda
2024-01-13,Robo a repartidor con y sin violencia,ABASTO-REFORMA,primera
2024-04-04,Robo a transeúnte en vía pública con violencia,ABASTO-REFORMA,segunda
2024-02-25,Robo a transeúnte en vía pública con violencia,ABASTO-REFORMA,primera
2024-03-04,Lesiones dolosas por disparo de arma de fuego,ABASTO-REFORMA,primera
2024-05-30,Robo a transeúnte en vía pública con violencia,ABASTO-REFORMA,segunda
2024-03-27,Robo de vehículo sin violencia,ABASTO-REFORMA,primera
2024-03-17,Robo a transeúnte en vía pública con violencia,ABASTO-REFORMA,primera
2024-06-11,Robo de vehículo sin violencia,ABASTO-REFORMA,segunda
2024-05-27,Robo a negocio con violencia,ABASTO-REFORMA,segunda
2024-06-19,Robo a negocio con violencia,ABASTO-REFORMA,segunda
2024-06-07,Robo de vehículo sin violencia,ABASTO-REFORMA,segunda
2024-06-13,Robo de vehículo sin violencia,ABASTO-REFORMA,segunda
2024-03-21,Robo a transeúnte en vía pública con violencia,ABASTO-REFORMA,primera
2024-04-13,Robo de vehículo sin violencia,ABASTO-REFORMA,segunda
2024-03-27,Robo de vehículo sin violencia,ABASTO-REFORMA,primera
2024-03-21,Robo a transeúnte en vía pública con violencia,ABASTO-REFORMA,primera
2024-05-13,Robo de vehículo sin violencia,ABASTO-REFORMA,segunda
2024-05-12,Robo de vehículo sin violencia,ABASTO-REFORMA,segunda
2024-02-21,Robo de vehículo sin violencia,ABASTO-REFORMA,primera
2024-03-09,Robo a negocio con violencia,ABASTO-REFORMA,primera
2024-04-18,Robo de vehículo sin violencia,ABASTO-REFORMA,segunda
2024-06-11,Homicidio doloso,ABASTO-REFORMA,segunda
2024-05-11,Robo de vehículo sin violencia,ABASTO-REFORMA,segunda
2024-04-05,Robo de vehículo con violencia,ABASTO-REFORMA,segunda
2024-06-23,Robo a negocio con violencia,ABASTO-REFORMA,segunda
2024-04-27,Robo de vehículo con violencia,ABASTO-REFORMA,segunda
2024-05-16,Robo a transeúnte en vía pública con violencia,ABASTO-REFORMA,segunda
2024-03-17,Robo de vehículo sin violencia,ABASTO-REFORMA,primera
2024-03-06,Robo de vehículo con violencia,ABASTO-REFORMA,primera
2024-05-04,Robo a transeúnte en vía pública con violencia,ABASTO-REFORMA,segunda
2024-04-12,Robo a transeúnte en vía pública con violencia,ABASTO-REFORMA,segunda
2024-02-14,Robo de vehículo sin violencia,ABASTO-REFORMA,primera
2024-04-09,Robo a transeúnte en vía pública con violencia,ABASTO-REFORMA,segunda
2024-05-03,Robo de vehículo sin violencia,ABASTO-REFORMA,segunda
2024-05-15,Robo de vehículo sin violencia,ABASTO-REFORMA,segunda
2024-02-09,Robo a transeúnte en vía pública con violencia,ABASTO-REFORMA,primera
2024-06-07,Robo de vehículo sin violencia,ABASTO-REFORMA,segunda
2024-05-31,Robo de vehículo sin violencia,ABASTO-REFORMA,segunda
2024-06-01,Robo de vehículo con violencia,ABASTO-REFORMA,segunda
2024-04-28,Robo de vehículo sin violencia,ABASTO-REFORMA,segunda
2024-01-25,Robo a transeúnte en vía pública con violencia,ABASTO-REFORMA,primera
2024-01-26,Robo de vehículo sin violencia,ABASTO-REFORMA,primera
2024-02-09,Robo de vehículo sin violencia,ABASTO-REFORMA,primera
2024-04-02,Robo a transeúnte en vía pública con violencia,ABASTO-REFORMA,segunda
2024-04-03,Robo a negocio con violencia,ABASTO-REFORMA,segunda
2024-03-05,Homicidio doloso,ABASTO-REFORMA,primera
2024-05-02,Homicidio doloso,ABASTO-REFORMA,segunda
2024-02-23,Robo a negocio con violencia,ABASTO-REFORMA,primera
2024-02-19,Robo a negocio con violencia,ABASTO-REFORMA,primera
2024-04-24,Robo de vehículo sin violencia,ABASTO-REFORMA,segunda
2024-04-21,Homicidio doloso,ABASTO-REFORMA,segunda
2024-01-21,Robo a negocio con violencia,ABASTO-REFORMA,primera
2024-05-28,Robo de vehículo sin violencia,ABASTO-REFORMA,segunda
2024-06-23,Robo de vehículo sin violencia,ABASTO-REFORMA,segunda
2024-01-20,Robo de vehículo sin violencia,ABASTO-REFORMA,primera
2024-02-12,Robo de vehículo sin violencia,ABASTO-REFORMA,primera
2024-05-12,Robo a transeúnte en vía pública con violencia,ABASTO-REFORMA,segunda
2024-06-18,Robo de vehículo sin violencia,ABASTO-REFORMA,segunda
2024-05-14,Robo de vehículo sin violencia,ABASTO-REFORMA,segunda
2024-02-04,Robo de vehículo sin violencia,ABASTO-REFORMA,primera
2024-04-01,Robo a transeúnte en vía pública con violencia,ABASTO-REFORMA,segunda
2024-05-09,Robo de vehículo sin violencia,ABASTO-REFORMA,segunda
2024-06-20,Robo de vehículo sin violencia,ABASTO-REFORMA,segunda
2024-01-17,Robo a negocio con violencia,ABASTO-REFORMA,primera
2024-04-15,Robo a transeúnte en vía pública con violencia,CHURUBUSCO,segunda
2024-05-28,Robo de vehículo sin violencia,CHURUBUSCO,segunda
2024-05-18,Robo a transeúnte en vía pública con violencia,CHURUBUSCO,segunda
2024-02-14,Robo a transeúnte en vía pública con violencia,CHURUBUSCO,primera
2024-01-10,Robo de vehículo sin violencia,CHURUBUSCO,primera
2024-04-15,Robo a transeúnte en vía pública con violencia,CHURUBUSCO,segunda
2024-02-27,Robo a transeúnte en vía pública con violencia,CHURUBUSCO,primera
2024-05-20,Robo de vehículo con violencia,CHURUBUSCO,segunda
2024-02-20,Robo a transeúnte en vía pública con violencia,CHURUBUSCO,primera
2024-03-19,Robo a transeúnte en vía pública con violencia,CHURUBUSCO,primera
2024-04-19,Robo a negocio con violencia,CHURUBUSCO,segunda
2024-06-19,Robo a repartidor con y sin violencia,CHURUBUSCO,segunda
2024-06-21,Robo a transeúnte en vía pública con violencia,CHURUBUSCO,segunda
2024-03-04,Robo de vehículo sin violencia,CHURUBUSCO,primera
2024-06-08,Robo a transeúnte en vía pública con violencia,CHURUBUSCO,segunda
2024-05-25,Robo a transeúnte en vía pública con violencia,CHURUBUSCO,segunda
2024-04-03,Robo a negocio con violencia,CHURUBUSCO,segunda
2024-03-08,Robo a negocio con violencia,CHURUBUSCO,primera
2024-05-30,Robo a transeúnte en vía pública con violencia,CHURUBUSCO,segunda
2024-02-22,Robo de vehículo sin violencia,CHURUBUSCO,primera
2024-04-14,Robo a transeúnte en vía pública con violencia,CHURUBUSCO,segunda
2024-02-19,Robo de vehículo sin violencia,CHURUBUSCO,primera
2024-06-04,Robo a transeúnte en vía pública con violencia,CHURUBUSCO,segunda
2024-02-14,Robo a cuentahabiente saliendo del cajero con violencia,CHURUBUSCO,primera
2024-01-13,Robo a transeúnte en vía pública con violencia,CHURUBUSCO,primera
2024-02-25,Robo a transeúnte en vía pública con violencia,CHURUBUSCO,primera
2024-03-10,Robo de vehículo sin violencia,CHURUBUSCO,primera
2024-04-02,Robo de vehículo sin violencia,CHURUBUSCO,segunda
2024-03-08,Robo a transeúnte en vía pública con violencia,CHURUBUSCO,primera
2024-04-01,Robo de vehículo sin violencia,CHURUBUSCO,segunda
2024-04-12,Robo de vehículo sin violencia,CHURUBUSCO,segunda
2024-04-12,Robo a transeúnte en vía pública con violencia,CHURUBUSCO,segunda
2024-06-05,Robo a pasajero a bordo de microbús con y sin violencia,CHURUBUSCO,segunda
2024-02-05,Robo a transeúnte en vía pública con violencia,CHURUBUSCO,primera
2024-02-13,Robo a transeúnte en vía pública con violencia,CHURUBUSCO,primera
2024-01-07,Robo a negocio con violencia,CHURUBUSCO,primera
2024-03-29,Robo de vehículo con violencia,CHURUBUSCO,primera
2024-01-27,Robo a repartidor con y sin violencia,CHURUBUSCO,primera
2024-05-10,Lesiones dolosas por disparo de arma de fuego,CHURUBUSCO,segunda
2024-06-23,Robo a repartidor con y sin violencia,CHURUBUSCO,segunda
2024-05-10,Lesiones dolosas por disparo de arma de fuego,CHURUBUSCO,segunda
2024-03-05,Robo de vehículo sin violencia,CHURUBUSCO,primera
2024-06-05,Robo de vehículo sin violencia,CHURUBUSCO,segunda
2024-06-16,Robo de vehículo sin violencia,CHURUBUSCO,segunda
2024-04-21,Robo a transeúnte en vía pública con violencia,CHURUBUSCO,segunda
2024-04-20,Robo a transeúnte en vía pública con violencia,CHURUBUSCO,segunda
2024-06-25,Robo de vehículo con violencia,CHURUBUSCO,segunda
2024-02-17,Robo a transeúnte en vía pública con violencia,CHURUBUSCO,primera
2024-05-29,Robo a casa habitación con violencia,CHURUBUSCO,segunda
2024-04-24,Robo de vehículo sin violencia,CHURUBUSCO,segunda
2024-02-13,Robo de vehículo con violencia,CHURUBUSCO,primera
2024-02-08,Robo de vehículo sin violencia,CHURUBUSCO,primera
2024-05-06,Robo de vehículo sin violencia,CHURUBUSCO,segunda
2024-04-25,Robo de vehículo sin violencia,CHURUBUSCO,segunda
2024-04-19,Robo de vehículo sin violencia,CHURUBUSCO,segunda
2024-05-11,Robo de vehículo sin violencia,CHURUBUSCO,segunda
2024-01-25,Robo de vehículo sin violencia,CHURUBUSCO,primera
2024-04-12,Robo a transeúnte en vía pública con violencia,CHURUBUSCO,segunda
2024-01-31,Lesiones dolosas por disparo de arma de fuego,CHURUBUSCO,primera
2024-03-19,Robo a negocio con violencia,CHURUBUSCO,primera
2024-01-03,Robo de vehículo sin violencia,CHURUBUSCO,primera
2024-06-17,Robo de vehículo sin violencia,CHURUBUSCO,segunda
2024-06-11,Robo de vehículo sin violencia,CHURUBUSCO,segunda
2024-06-10,Robo de vehículo sin violencia,CHURUBUSCO,segunda
2024-06-09,Robo de vehículo sin violencia,CHURUBUSCO,segunda
2024-04-01,Robo de vehículo sin violencia,CHURUBUSCO,segunda
2024-05-13,Robo de vehículo sin violencia,CHURUBUSCO,segunda
2024-06-19,Robo a transeúnte en vía pública con violencia,ESTRELLA,segunda
2024-03-05,Robo de vehículo sin violencia,ESTRELLA,primera
2024-06-05,Robo de vehículo sin violencia,CHURUBUSCO,segunda
2024-05-30,Robo de vehículo sin violencia,CHURUBUSCO,segunda
2024-06-06,Robo de vehículo sin violencia,CHURUBUSCO,segunda
2024-04-25,Robo de vehículo sin violencia,CHURUBUSCO,segunda
2024-06-21,Robo a negocio con violencia,ESTRELLA,segunda
2024-02-22,Robo a negocio con violencia,CHURUBUSCO,primera
2024-04-26,Robo de vehículo sin violencia,GRANJAS,segunda
2024-02-13,Robo a transeúnte en vía pública con violencia,GRANJAS,primera
2024-05-22,Robo de vehículo sin violencia,CHURUBUSCO,segunda
2024-05-13,Robo a negocio con violencia,CHURUBUSCO,segunda
2024-05-10,Robo a transeúnte en vía pública con violencia,CHURUBUSCO,segunda
2024-04-07,Robo a transeúnte en vía pública con violencia,CHURUBUSCO,segunda
2024-01-06,Robo a transeúnte en vía pública con violencia,ESTRELLA,primera
2024-05-29,Robo a negocio con violencia,CHURUBUSCO,segunda
2024-04-27,Robo a repartidor con y sin violencia,CHURUBUSCO,segunda
2024-02-11,Robo a negocio con violencia,CHURUBUSCO,primera
2024-03-02,Robo de vehículo sin violencia,ESTRELLA,primera
2024-02-11,Robo de vehículo sin violencia,CHURUBUSCO,primera
2024-06-04,Robo de vehículo sin violencia,ABASTO-REFORMA,segunda
2024-03-19,Robo a transeúnte en vía pública con violencia,ABASTO-REFORMA,primera
2024-02-09,Robo de vehículo sin violencia,ABASTO-REFORMA,primera
2024-06-30,Robo de vehículo con violencia,ABASTO-REFORMA,segunda
2024-04-05,Robo a transeúnte en vía pública con violencia,ABASTO-REFORMA,segunda
2024-06-16,Homicidio doloso,ABASTO-REFORMA,segunda
2024-02-16,Robo a pasajero a bordo de taxi con violencia,ABASTO-REFORMA,primera
2024-06-12,Robo a negocio con violencia,ABASTO-REFORMA,segunda
2024-05-25,Robo de vehículo sin violencia,ABASTO-REFORMA,segunda
2024-04-04,Robo a transeúnte en vía pública con violencia,ABASTO-REFORMA,segunda
2024-03-21,Robo de vehículo sin violencia,ABASTO-REFORMA,primera
2024-02-26,Robo de vehículo con violencia,ABASTO-REFORMA,primera
2024-02-17,Robo de vehículo sin violencia,ABASTO-REFORMA,primera
2024-03-19,Robo a transeúnte en vía pública con violencia,ABASTO-REFORMA,primera
2024-03-11,Robo a transeúnte en vía pública con violencia,ESTRELLA,primera
2024-03-09,Robo a transeúnte en vía pública con violencia,ESTRELLA,primera
2024-02-12,Robo a transeúnte en vía pública con violencia,ESTRELLA,primera
2024-06-06,Robo de vehículo con violencia,ESTRELLA,segunda
2024-06-14,Robo a transeúnte en vía pública con violencia,ESTRELLA,segunda
2024-05-20,Robo de vehículo con violencia,ESTRELLA,segunda
2024-04-17,Robo de vehículo sin violencia,ESTRELLA,segunda
2024-04-10,Robo de vehículo sin violencia,ESTRELLA,segunda
2024-03-23,Robo de vehículo sin violencia,ESTRELLA,primera
2024-02-25,Robo de vehículo sin violencia,ESTRELLA,primera
2024-03-26,Robo de vehículo sin violencia,ESTRELLA,primera
2024-03-01,Robo de vehículo sin violencia,ESTRELLA,primera
2024-03-09,Robo de vehículo sin violencia,ESTRELLA,primera
2024-01-29,Robo de vehículo sin violencia,ESTRELLA,primera
2024-04-15,Robo de vehículo con violencia,ESTRELLA,segunda
2024-03-06,Robo de vehículo sin violencia,ESTRELLA,primera
2024-03-21,Robo de vehículo sin violencia,ESTRELLA,primera
2024-05-29,Robo a transeúnte en vía pública con violencia,ESTRELLA,segunda
2024-01-21,Robo a transeúnte en vía pública con violencia,ESTRELLA,primera
2024-02-15,Robo a transeúnte en vía pública con violencia,ESTRELLA,primera
2024-01-06,Robo de vehículo sin violencia,ESTRELLA,primera
2024-03-07,Robo de vehículo sin violencia,ESTRELLA,primera
2024-02-23,Robo de vehículo con violencia,ESTRELLA,primera
2024-03-27,Robo de vehículo con violencia,ESTRELLA,primera
2024-02-22,Robo a transeúnte en vía pública con violencia,ESTRELLA,primera
2024-02-20,Robo a pasajero a bordo de microbús con y sin violencia,ABASTO-REFORMA,primera
2024-04-30,Robo de vehículo sin violencia,ABASTO-REFORMA,segunda
2024-06-07,Robo de vehículo sin violencia,ABASTO-REFORMA,segunda
2024-01-14,Robo a transeúnte en vía pública con violencia,ESTRELLA,primera
2024-05-22,Robo de vehículo sin violencia,ESTRELLA,segunda
2024-02-14,Robo de vehículo con violencia,ESTRELLA,primera
2024-06-29,Robo de vehículo sin violencia,ESTRELLA,segunda
2024-05-20,Robo de vehículo sin violencia,ESTRELLA,segunda
2024-02-05,Robo de vehículo sin violencia,GRANJAS,primera
2024-01-26,Robo de vehículo sin violencia,ESTRELLA,primera
2024-01-09,Robo a pasajero a bordo de microbús con y sin violencia,ESTRELLA,primera
2024-02-24,Homicidio doloso,ESTRELLA,primera
2024-06-29,Robo a transeúnte en vía pública con violencia,ESTRELLA,segunda
2024-05-10,Robo de vehículo sin violencia,ESTRELLA,segunda
2024-02-16,Homicidio doloso,ESTRELLA,primera
2024-03-16,Robo de vehículo con violencia,ESTRELLA,primera
2024-03-28,Robo de vehículo sin violencia,ESTRELLA,primera
2024-02-04,Robo a transeúnte en vía pública con violencia,ESTRELLA,primera
2024-06-20,Robo a negocio con violencia,ESTRELLA,segunda
2024-05-23,Robo de vehículo sin violencia,ESTRELLA,segunda
2024-05-24,Robo a transeúnte en vía pública con violencia,ESTRELLA,segunda
2024-06-10,Robo de vehículo con violencia,ESTRELLA,segunda
2024-01-01,Robo a transeúnte en vía pública con violencia,ESTRELLA,primera
2024-03-16,Robo a transeúnte en vía pública con violencia,ESTRELLA,primera
2024-03-08,Robo de vehículo con violencia,ESTRELLA,primera
2024-04-04,Robo de vehículo sin violencia,ESTRELLA,segunda
2024-01-25,Robo de vehículo sin violencia,ESTRELLA,primera
2024-05-17,Robo de vehículo con violencia,ESTRELLA,segunda
2024-02-07,Robo a transeúnte en vía pública con violencia,ESTRELLA,primera
2024-02-07,Robo a transeúnte en vía pública con violencia,ESTRELLA,primera
2024-01-27,Robo a transeúnte en vía pública con violencia,ESTRELLA,primera
2024-02-13,Robo a transeúnte en vía pública con violencia,ESTRELLA,primera
2024-01-09,Robo a repartidor con y sin violencia,ESTRELLA,primera
2024-05-14,Robo a negocio con violencia,ESTRELLA,segunda
2024-04-11,Robo a negocio con violencia,ESTRELLA,segunda
2024-05-19,Homicidio doloso,ESTRELLA,segunda
2024-01-09,Robo de vehículo sin violencia,ESTRELLA,primera
2024-01-23,Robo a transeúnte en vía pública con violencia,ESTRELLA,primera
2024-01-04,Robo de vehículo sin violencia,ESTRELLA,primera
2024-05-28,Robo a transeúnte en vía pública con violencia,ESTRELLA,segunda
2024-06-22,Robo de vehículo con violencia,ESTRELLA,segunda
2024-06-25,Robo de vehículo sin violencia,ESTRELLA,segunda
2024-03-29,Robo a transeúnte en vía pública con violencia,ESTRELLA,primera
2024-04-05,Robo de vehículo sin violencia,ESTRELLA,segunda
2024-05-23,Robo de vehículo sin violencia,ESTRELLA,segunda
2024-04-02,Robo a transeúnte en vía pública con violencia,ESTRELLA,segunda
2024-06-17,Robo de vehículo sin violencia,ESTRELLA,segunda
2024-04-29,Robo a transeúnte en vía pública con violencia,ESTRELLA,segunda
2024-06-11,Robo a transeúnte en vía pública con violencia,ESTRELLA,segunda
2024-04-26,Robo a transeúnte en vía pública con violencia,ESTRELLA,segunda
2024-01-11,Robo de vehículo sin violencia,ESTRELLA,primera
2024-05-16,Robo a casa habitación con violencia,ESTRELLA,segunda
2024-02-05,Robo de vehículo sin violencia,ESTRELLA,primera
2024-03-05,Robo a negocio con violencia,ESTRELLA,primera
2024-05-05,Robo a transeúnte en vía pública con violencia,ESTRELLA,segunda
2024-06-09,Robo a transeúnte en vía pública con violencia,ESTRELLA,segunda
2024-01-08,Robo a transeúnte en vía pública con violencia,ESTRELLA,primera
2024-04-04,Robo de vehículo sin violencia,ESTRELLA,segunda
2024-03-15,Robo de vehículo con violencia,ESTRELLA,primera
2024-04-13,Robo de vehículo sin violencia,GRANJAS,segunda
2024-05-02,Robo de vehículo sin violencia,ESTRELLA,segunda
2024-05-02,Robo a repartidor con y sin violencia,ESTRELLA,segunda
2024-01-19,Robo a repartidor con y sin violencia,ESTRELLA,primera
2024-02-18,Robo a negocio con violencia,ESTRELLA,primera
2024-06-30,Robo a transeúnte en vía pública con violencia,GRANJAS,segunda
2024-02-16,Robo a transeúnte en vía pública con violencia,GRANJAS,primera
2024-04-02,Robo a transeúnte en vía pública con violencia,GRANJAS,segunda
2024-01-27,Robo de vehículo sin violencia,GRANJAS,primera
2024-03-06,Robo de vehículo sin violencia,GRANJAS,primera
2024-02-28,Robo a transeúnte en vía pública con violencia,GRANJAS,primera
2024-03-25,Robo a negocio con violencia,GRANJAS,primera
2024-04-17,Robo a negocio con violencia,GRANJAS,segunda
2024-04-03,Robo a transeúnte en vía pública con violencia,GRANJAS,segunda
2024-02-17,Robo a cuentahabiente saliendo del cajero con violencia,GRANJAS,primera
2024-06-17,Robo de vehículo con violencia,ESTRELLA,segunda
2024-05-15,Robo de vehículo sin violencia,ESTRELLA,segunda
2024-03-01,Robo de vehículo sin violencia,ESTRELLA,primera
2024-04-05,Robo de vehículo con violencia,ESTRELLA,segunda
2024-04-06,Robo a transeúnte en vía pública con violencia,ESTRELLA,segunda
2024-06-03,Robo de vehículo sin violencia,GRANJAS,segunda
2024-02-21,Robo a transeúnte en vía pública con violencia,GRANJAS,primera
2024-03-15,Robo a transeúnte en vía pública con violencia,GRANJAS,primera
2024-06-21,Robo de vehículo sin violencia,GRANJAS,segunda
2024-01-31,Robo de vehículo sin violencia,GRANJAS,primera
2024-01-09,Robo a transeúnte en vía pública con violencia,GRANJAS,primera
2024-04-19,Robo de vehículo con violencia,GRANJAS,segunda
2024-06-01,Robo de vehículo sin violencia,GRANJAS,segunda
2024-06-18,Robo de vehículo sin violencia,GRANJAS,segunda
2024-06-17,Robo a cuentahabiente saliendo del cajero con violencia,GRANJAS,segunda
2024-01-24,Robo a repartidor con y sin violencia,GRANJAS,primera
2024-04-18,Robo a transeúnte en vía pública con violencia,GRANJAS,segunda
2024-06-04,Robo de vehículo sin violencia,GRANJAS,segunda
2024-04-10,Robo a transeúnte en vía pública con violencia,GRANJAS,segunda
2024-03-17,Robo a transeúnte en vía pública con violencia,GRANJAS,primera
2024-03-07,Robo a transeúnte en vía pública con violencia,GRANJAS,primera
2024-06-18,Robo a transeúnte en vía pública con violencia,GRANJAS,segunda
2024-03-04,Homicidio doloso,GRANJAS,primera
2024-03-26,Robo de vehículo con violencia,GRANJAS,primera
2024-04-05,Robo a transeúnte en vía pública con violencia,GRANJAS,segunda
2024-02-27,Robo a transeúnte en vía pública con violencia,GRANJAS,primera
2024-02-24,Robo a transeúnte en vía pública con violencia,GRANJAS,primera
2024-02-22,Robo a transeúnte en vía pública con violencia,GRANJAS,primera
2024-02-23,Robo a transeúnte en vía pública con violencia,GRANJAS,primera
2024-01-19,Robo a transeúnte en vía pública con violencia,GRANJAS,primera
2024-01-16,Lesiones dolosas por disparo de arma de fuego,GRANJAS,primera
2024-04-14,Lesiones dolosas por disparo de arma de fuego,GRANJAS,segunda
2024-03-04,Robo de vehículo sin violencia,GRANJAS,primera
2024-03-10,Robo a transeúnte en vía pública con violencia,GRANJAS,primera
2024-05-03,Robo a transeúnte en vía pública con violencia,GRANJAS,segunda
2024-01-28,Robo de vehículo sin violencia,GRANJAS,primera
2024-03-24,Robo de vehículo sin violencia,GRANJAS,primera
2024-01-22,Robo a transeúnte en vía pública con violencia,GRANJAS,primera
2024-02-21,Robo de vehículo con violencia,GRANJAS,primera
2024-05-06,Robo de vehículo sin violencia,GRANJAS,segunda
2024-06-18,Robo a transeúnte en vía pública con violencia,GRANJAS,segunda
2024-04-22,Robo a transeúnte en vía pública con violencia,GRANJAS,segunda
2024-03-16,Robo a transeúnte en vía pública con violencia,GRANJAS,primera
2024-06-27,Robo de vehículo sin violencia,GRANJAS,segunda
2024-05-16,Robo a transeúnte en vía pública con violencia,GRANJAS,segunda
2024-01-24,Robo a negocio con violencia,GRANJAS,primera
2024-04-25,Homicidio doloso,GRANJAS,segunda
2024-05-19,Robo de vehículo sin violencia,GRANJAS,segunda
2024-01-24,Robo de vehículo sin violencia,GRANJAS,primera
2024-06-29,Robo de vehículo sin violencia,GRANJAS,segunda
2024-06-07,Robo de vehículo sin violencia,GRANJAS,segunda
2024-04-02,Robo de vehículo sin violencia,GRANJAS,segunda
2024-03-13,Robo de vehículo sin violencia,GRANJAS,primera
2024-03-19,Homicidio doloso,GRANJAS,primera
2024-05-09,Robo de vehículo sin violencia,GRANJAS,segunda
2024-06-14,Robo de vehículo sin violencia,GRANJAS,segunda
2024-03-02,Robo a transeúnte en vía pública con violencia,GRANJAS,primera
2024-06-07,Robo a transeúnte en vía pública con violencia,OASIS,segunda
2024-01-11,Robo de vehículo sin violencia,OASIS,primera
2024-06-09,Homicidio doloso,OASIS,segunda
2024-05-05,Robo a transeúnte en vía pública con violencia,OASIS,segunda
2024-02-14,Robo a repartidor con y sin violencia,OASIS,primera
2024-05-20,Robo a transeúnte en vía pública con violencia,OASIS,segunda
2024-02-08,Robo de vehículo sin violencia,OASIS,primera
2024-03-02,Robo de vehículo sin violencia,OASIS,primera
2024-03-16,Robo de vehículo sin violencia,OASIS,primera
2024-06-19,Robo de vehículo con violencia,OASIS,segunda
2024-05-27,Robo a transeúnte en vía pública con violencia,OASIS,segunda
2024-06-19,Robo a transeúnte en vía pública con violencia,OASIS,segunda
2024-06-26,Robo a transeúnte en vía pública con violencia,OASIS,segunda
2024-01-26,Robo a transeúnte en vía pública con violencia,OASIS,primera
2024-01-16,Robo a transeúnte en vía pública con violencia,OASIS,primera
2024-04-10,Robo a transeúnte en vía pública con violencia,OASIS,segunda
2024-03-17,Robo de vehículo sin violencia,OASIS,primera
2024-06-08,Robo de vehículo sin violencia,ESTRELLA,segunda
2024-03-01,Robo a negocio con violencia,ESTRELLA,primera
2024-02-28,Robo a negocio con violencia,ESTRELLA,primera
2024-02-01,Robo de vehículo sin violencia,ESTRELLA,primera
2024-01-13,Robo a transeúnte en vía pública con violencia,ESTRELLA,primera
2024-03-28,Robo a negocio con violencia,ESTRELLA,primera
2024-04-29,Robo a transeúnte en vía pública con violencia,ESTRELLA,segunda
2024-06-18,Robo a transeúnte en vía pública con violencia,ESTRELLA,segunda
2024-03-19,Robo de vehículo sin violencia,ESTRELLA,primera
2024-02-19,Robo de vehículo sin violencia,ESTRELLA,primera
2024-02-22,Robo de vehículo sin violencia,ESTRELLA,primera
2024-04-24,Robo a transeúnte en vía pública con violencia,GRANJAS,segunda
2024-05-09,Robo de vehículo sin violencia,GRANJAS,segunda
2024-06-13,Robo de vehículo con violencia,GRANJAS,segunda
2024-06-25,Robo de vehículo sin violencia,GRANJAS,segunda
2024-02-19,Robo de vehículo sin violencia,GRANJAS,primera
2024-04-27,Robo de vehículo sin violencia,GRANJAS,segunda
2024-03-13,Robo a transeúnte en vía pública con violencia,GRANJAS,primera
2024-01-28,Robo de vehículo sin violencia,OASIS,primera
2024-02-21,Robo de vehículo con violencia,OASIS,primera
2024-06-03,Robo a transeúnte en vía pública con violencia,OASIS,segunda
2024-06-05,Lesiones dolosas por disparo de arma de fuego,OASIS,segunda
2024-02-09,Homicidio doloso,OASIS,primera
2024-06-17,Robo a pasajero a bordo de microbús con y sin violencia,OASIS,segunda
2024-06-06,Robo a transeúnte en vía pública con violencia,OASIS,segunda
2024-06-19,Robo de vehículo con violencia,OASIS,segunda
2024-06-28,Robo a transeúnte en vía pública con violencia,OASIS,segunda
2024-01-28,Robo a transeúnte en vía pública con violencia,OASIS,primera
2024-01-11,Robo de vehículo sin violencia,OASIS,primera
2024-02-25,Robo a transeúnte en vía pública con violencia,OASIS,primera
2024-03-04,Robo a transeúnte en vía pública con violencia,OASIS,primera
2024-02-26,Lesiones dolosas por disparo de arma de fuego,OASIS,primera
2024-03-11,Robo a pasajero a bordo de microbús con y sin violencia,OASIS,primera
2024-01-24,Robo a repartidor con y sin violencia,OASIS,primera
2024-02-15,Robo a repartidor con y sin violencia,OASIS,primera
2024-05-08,Lesiones dolosas por disparo de arma de fuego,OASIS,segunda
2024-01-16,Robo a repartidor con y sin violencia,OASIS,primera
2024-02-28,Robo a repartidor con y sin violencia,OASIS,primera
2024-06-27,Robo a repartidor con y sin violencia,OASIS,segunda
2024-03-26,Robo a repartidor con y sin violencia,OASIS,primera
2024-03-08,Robo de vehículo sin violencia,OASIS,primera
2024-02-23,Robo de vehículo sin violencia,OASIS,primera
2024-01-30,Robo a transeúnte en vía pública con violencia,OASIS,primera
2024-01-26,Robo a transeúnte en vía pública con violencia,OASIS,primera
2024-01-05,Robo a transeúnte en vía pública con violencia,OASIS,primera
2024-06-17,Robo a transeúnte en vía pública con violencia,OASIS,segunda
2024-03-19,Robo a transeúnte en vía pública con violencia,OASIS,primera
2024-02-14,Robo a transeúnte en vía pública con violencia,OASIS,primera
2024-06-12,Robo de vehículo sin violencia,OASIS,segunda
2024-05-24,Robo a transeúnte en vía pública con violencia,OASIS,segunda
2024-01-31,Homicidio doloso,OASIS,primera
2024-01-30,Robo de vehículo con violencia,OASIS,primera
2024-01-19,Robo a transeúnte en vía pública con violencia,OASIS,primera
2024-02-23,Robo de vehículo sin violencia,OASIS,primera
2024-03-03,Homicidio doloso,OASIS,primera
2024-06-29,Robo a negocio con violencia,OASIS,segunda
2024-04-08,Robo a transeúnte en vía pública con violencia,OASIS,segunda
2024-03-10,Robo a transeúnte en vía pública con violencia,OASIS,primera
2024-05-14,Robo a transeúnte en vía pública con violencia,OASIS,segunda
2024-04-16,Robo de vehículo sin violencia,OASIS,segunda
2024-05-27,Homicidio doloso,OASIS,segunda
2024-06-29,Robo a repartidor con y sin violencia,OASIS,segunda
2024-06-26,Robo a repartidor con y sin violencia,OASIS,segunda
2024-06-25,Robo a transeúnte en vía pública con violencia,OASIS,segunda
2024-04-01,Robo a transeúnte en vía pública con violencia,OASIS,segunda
2024-06-10,Robo a transeúnte en vía pública con violencia,OASIS,segunda
2024-06-27,Robo a transeúnte en vía pública con violencia,OASIS,segunda
2024-01-20,Robo a transeúnte en vía pública con violencia,OASIS,primera
2024-01-18,Robo a transeúnte en vía pública con violencia,OASIS,primera
2024-02-17,Robo a transeúnte en vía pública con violencia,OASIS,primera
2024-01-24,Robo de vehículo sin violencia,OASIS,primera
2024-05-24,Robo a transeúnte en vía pública con violencia,OASIS,segunda
2024-05-21,Robo a transeúnte en vía pública con violencia,OASIS,segunda
2024-03-24,Robo a transeúnte en vía pública con violencia,OASIS,primera
2024-03-22,Homicidio doloso,OASIS,primera
2024-02-25,Robo de vehículo sin violencia,OASIS,primera
2024-01-24,Robo a transeúnte en vía pública con violencia,OASIS,primera
2024-03-06,Robo de vehículo sin violencia,OASIS,primera
2024-02-07,Robo a transeúnte en vía pública con violencia,OASIS,primera
2024-03-11,Lesiones dolosas por disparo de arma de fuego,OASIS,primera
2024-04-25,Robo a transeúnte en vía pública con violencia,OASIS,segunda
2024-04-07,Robo de vehículo sin violencia,OASIS,segunda
2024-04-30,Robo de vehículo sin violencia,OASIS,segunda
2024-01-23,Robo a casa habitación con violencia,OASIS,primera
2024-02-15,Robo a transeúnte en vía pública con violencia,OASIS,primera
2024-01-22,Robo de vehículo sin violencia,OASIS,primera
2024-02-16,Robo a transeúnte en vía pública con violencia,OASIS,primera
2024-06-15,Robo a pasajero a bordo de microbús con y sin violencia,OASIS,segunda
2024-06-17,Robo a transeúnte en vía pública con violencia,OASIS,segunda
2024-01-02,Robo a transeúnte en vía pública con violencia,OASIS,primera
2024-03-27,Robo de vehículo sin violencia,OASIS,primera
2024-03-01,Robo de vehículo sin violencia,OASIS,primera
2024-02-19,Robo a transeúnte en vía pública con violencia,OASIS,primera
2024-05-31,Robo a transeúnte en vía pública con violencia,OASIS,segunda
2024-01-18,Robo de vehículo sin violencia,OASIS,primera
2024-06-06,Robo a transeúnte en vía pública con violencia,OASIS,segunda
2024-01-18,Robo a transeúnte en vía pública con violencia,OASIS,primera
2024-04-07,Robo a transeúnte en vía pública con violencia,OASIS,segunda
2024-04-10,Robo de vehículo sin violencia,OASIS,segunda
2024-06-17,Robo de vehículo sin violencia,OASIS,segunda
2024-05-31,Lesiones dolosas por disparo de arma de fuego,OASIS,segunda
2024-01-31,Robo a transeúnte en vía pública con violencia,OASIS,primera
2024-06-19,Robo a transeúnte en vía pública con violencia,OASIS,segunda
2024-02-09,Robo de vehículo sin violencia,OASIS,primera
2024-03-01,Robo a transeúnte en vía pública con violencia,OASIS,primera
2024-01-04,Robo a repartidor con y sin violencia,OASIS,primera
2024-02-06,Robo a repartidor con y sin violencia,OASIS,primera
2024-01-28,Robo a transeúnte en vía pública con violencia,OASIS,primera
2024-05-31,Robo a transeúnte en vía pública con violencia,OASIS,segunda
2024-05-10,Robo a transeúnte en vía pública con violencia,OASIS,segunda
2024-06-11,Robo a repartidor con y sin violencia,OASIS,segunda
2024-04-01,Robo a transeúnte en vía pública con violencia,OASIS,segunda
2024-01-23,Robo a transeúnte en vía pública con violencia,OASIS,primera
2024-03-08,Robo a transeúnte en vía pública con violencia,OASIS,primera
2024-06-03,Lesiones dolosas por disparo de arma de fuego,OASIS,segunda
2024-06-12,Robo a transeúnte en vía pública con violencia,OASIS,segunda
2024-05-08,Lesiones dolosas por disparo de arma de fuego,OASIS,segunda
2024-03-25,Homicidio doloso,OASIS,primera
2024-02-12,Robo a pasajero a bordo de microbús con y sin violencia,OASIS,primera
2024-06-15,Homicidio doloso,OASIS,segunda
2024-04-28,Robo a transeúnte en vía pública con violencia,OASIS,segunda
2024-05-16,Robo a transeúnte en vía pública con violencia,OASIS,segunda
2024-01-06,Robo a transeúnte en vía pública con violencia,OASIS,primera
2024-04-01,Robo a transeúnte en vía pública con violencia,OASIS,segunda
2024-06-24,Robo a transeúnte en vía pública con violencia,OASIS,segunda
2024-06-14,Robo de vehículo sin violencia,OASIS,segunda
2024-06-07,Robo a transeúnte en vía pública con violencia,OASIS,segunda
2024-02-04,Robo de vehículo sin violencia,OASIS,primera
2024-02-26,Robo a transeúnte en vía pública con violencia,OASIS,primera
2024-03-04,Robo a transeúnte en vía pública con violencia,OASIS,primera
2024-04-18,Robo a transeúnte en vía pública con violencia,OASIS,segunda
2024-05-19,Homicidio doloso,OASIS,segunda
2024-05-31,Robo de vehículo con violencia,OASIS,segunda
2024-04-06,Robo de vehículo sin violencia,OASIS,segunda
2024-03-18,Robo a transeúnte en vía pública con violencia,OASIS,primera
2024-06-06,Robo a transeúnte en vía pública con violencia,OASIS,segunda
2024-06-12,Robo a negocio con violencia,OASIS,segunda
2024-04-16,Robo de vehículo sin violencia,OASIS,segunda
2024-06-22,Robo de vehículo sin violencia,OASIS,segunda
2024-05-03,Robo a transeúnte en vía pública con violencia,OASIS,segunda
2024-06-12,Robo de vehículo sin violencia,OASIS,segunda
2024-05-02,Robo a transeúnte en vía pública con violencia,OASIS,segunda
2024-02-14,Robo de vehículo sin violencia,OASIS,primera
2024-05-26,Robo a negocio con violencia,OASIS,segunda
2024-05-05,Robo a casa habitación con violencia,OASIS,segunda
2024-04-05,Robo a transeúnte en vía pública con violencia,OASIS,segunda
2024-06-20,Robo a transeúnte en vía pública con violencia,OASIS,segunda
2024-06-14,Robo a transeúnte en vía pública con violencia,OASIS,segunda
2024-06-13,Robo a transeúnte en vía pública con violencia,OASIS,segunda
2024-03-30,Robo de vehículo sin violencia,OASIS,primera
2024-04-07,Robo a transeúnte en vía pública con violencia,OASIS,segunda
2024-03-22,Robo de vehículo sin violencia,OASIS,primera
2024-03-01,Robo a transeúnte en vía pública con violencia,OASIS,primera
2024-03-01,Robo a transeúnte en vía pública con violencia,OASIS,primera
2024-01-27,Robo de vehículo sin violencia,OASIS,primera
2024-02-05,Robo de vehículo con violencia,OASIS,primera
2024-03-28,Robo a transeúnte en vía pública con violencia,OASIS,primera
2024-01-12,Robo a transeúnte en vía pública con violencia,OASIS,primera
2024-03-14,Robo a repartidor con y sin violencia,OASIS,primera
2024-06-09,Robo a transeúnte en vía pública con violencia,OASIS,segunda
2024-06-13,Robo de vehículo sin violencia,OASIS,segunda
2024-03-03,Robo de vehículo con violencia,OASIS,primera
2024-06-13,Robo a negocio con violencia,OASIS,segunda
2024-02-14,Robo a transeúnte en vía pública con violencia,OASIS,primera
2024-01-02,Robo de vehículo sin violencia,OASIS,primera
2024-03-03,Robo de vehículo sin violencia,OASIS,primera
2024-02-18,Robo de vehículo con violencia,OASIS,primera
2024-06-12,Robo a cuentahabiente saliendo del cajero con violencia,OASIS,segunda
2024-05-07,Robo de vehículo sin violencia,OASIS,segunda
2024-02-01,Robo a transeúnte en vía pública con violencia,OASIS,primera
2024-02-01,Robo de vehículo sin violencia,OASIS,primera
2024-03-04,Robo de vehículo sin violencia,OASIS,primera
2024-03-12,Robo de vehículo con violencia,OASIS,primera
2024-02-13,Robo de vehículo sin violencia,OASIS,primera
2024-03-10,Robo a transeúnte en vía pública con violencia,OASIS,primera
2024-04-10,Robo de vehículo sin violencia,OASIS,segunda
2024-06-24,Robo de vehículo con violencia,OASIS,segunda
2024-05-02,Robo a transeúnte en vía pública con violencia,OASIS,segunda
2024-03-24,Robo a transeúnte en vía pública con violencia,OASIS,primera
2024-04-02,Robo a transeúnte en vía pública con violencia,OASIS,segunda
2024-02-24,Robo a transeúnte en vía pública con violencia,OASIS,primera
2024-06-19,Robo a transeúnte en vía pública con violencia,OASIS,segunda
2024-03-11,Robo de vehículo sin violencia,OASIS,primera
2024-01-30,Robo a transeúnte en vía pública con violencia,OASIS,primera
2024-05-07,Robo a transeúnte en vía pública con violencia,OASIS,segunda
2024-03-11,Robo a transeúnte en vía pública con violencia,OASIS,primera
2024-06-07,Robo de vehículo sin violencia,QUETZAL,segunda
2024-06-11,Robo a transeúnte en vía pública con violencia,QUETZAL,segunda
2024-04-30,Robo a repartidor con y sin violencia,QUETZAL,segunda
2024-05-09,Homicidio doloso,QUETZAL,segunda
2024-03-11,Robo de vehículo con violencia,QUETZAL,primera
2024-06-27,Robo de vehículo con violencia,QUETZAL,segunda
2024-06-26,Robo a transeúnte en vía pública con violencia,QUETZAL,segunda
2024-02-07,Robo de vehículo con violencia,QUETZAL,primera
2024-02-05,Robo de vehículo con violencia,QUETZAL,primera
2024-03-30,Robo de vehículo sin violencia,QUETZAL,primera
2024-02-23,Robo de vehículo con violencia,QUETZAL,primera
2024-01-18,Robo a transeúnte en vía pública con violencia,QUETZAL,primera
2024-01-24,Robo a transeúnte en vía pública con violencia,QUETZAL,primera
2024-01-04,Robo de vehículo con violencia,QUETZAL,primera
2024-04-05,Robo de vehículo con violencia,QUETZAL,segunda
2024-02-29,Robo de vehículo con violencia,QUETZAL,primera
2024-06-04,Robo de vehículo sin violencia,QUETZAL,segunda
2024-04-23,Robo a transeúnte en vía pública con violencia,QUETZAL,segunda
2024-01-31,Robo de vehículo con violencia,QUETZAL,primera
2024-03-03,Robo de vehículo con violencia,QUETZAL,primera
2024-01-30,Robo de vehículo con violencia,QUETZAL,primera
2024-03-28,Robo a transeúnte en vía pública con violencia,QUETZAL,primera
2024-02-26,Robo de vehículo con violencia,QUETZAL,primera
2024-03-06,Robo de vehículo con violencia,QUETZAL,primera
2024-05-21,Homicidio doloso,QUETZAL,segunda
2024-05-31,Robo de vehículo sin violencia,QUETZAL,segunda
2024-05-07,Robo a transeúnte en vía pública con violencia,QUETZAL,segunda
2024-06-04,Homicidio doloso,QUETZAL,segunda
2024-05-06,Robo a pasajero a bordo de microbús con y sin violencia,QUETZAL,segunda
2024-05-09,Robo a pasajero a bordo de microbús con y sin violencia,QUETZAL,segunda
2024-05-10,Homicidio doloso,QUETZAL,segunda
2024-04-23,Robo a pasajero a bordo de microbús con y sin violencia,QUETZAL,segunda
2024-05-29,Robo a transeúnte en vía pública con violencia,QUETZAL,segunda
2024-05-16,Lesiones dolosas por disparo de arma de fuego,QUETZAL,segunda
2024-01-02,Robo de vehículo con violencia,QUETZAL,primera
2024-01-27,Robo de vehículo con violencia,QUETZAL,primera
2024-01-06,Robo de vehículo sin violencia,QUETZAL,primera
2024-01-25,Robo a transeúnte en vía pública con violencia,QUETZAL,primera
2024-02-06,Robo a repartidor con y sin violencia,QUETZAL,primera
2024-06-02,Homicidio doloso,QUETZAL,segunda
2024-04-10,Homicidio doloso,QUETZAL,segunda
2024-03-21,Robo a transeúnte en vía pública con violencia,QUETZAL,primera
2024-05-01,Robo de vehículo con violencia,QUETZAL,segunda
2024-04-19,Robo a transeúnte en vía pública con violencia,QUETZAL,segunda
2024-05-16,Robo de vehículo sin violencia,QUETZAL,segunda
2024-05-19,Robo a transeúnte en vía pública con violencia,QUETZAL,segunda
2024-04-16,Robo de vehículo con violencia,QUETZAL,segunda
2024-05-25,Homicidio doloso,QUETZAL,segunda
2024-04-03,Lesiones dolosas por disparo de arma de fuego,QUETZAL,segunda
2024-06-04,Robo a negocio con violencia,QUETZAL,segunda
2024-06-13,Robo a casa habitación con violencia,QUETZAL,segunda
2024-02-22,Robo de vehículo con violencia,QUETZAL,primera
2024-04-27,Robo a transeúnte en vía pública con violencia,QUETZAL,segunda
2024-04-12,Robo de vehículo sin violencia,QUETZAL,segunda
2024-05-10,Robo a negocio con violencia,QUETZAL,segunda
2024-05-21,Robo a negocio con violencia,QUETZAL,segunda
2024-03-02,Homicidio doloso,QUETZAL,primera
2024-04-20,Robo a repartidor con y sin violencia,QUETZAL,segunda
2024-05-13,Robo a negocio con violencia,QUETZAL,segunda
2024-06-20,Robo a repartidor con y sin violencia,QUETZAL,segunda
2024-05-24,Robo a repartidor con y sin violencia,QUETZAL,segunda
2024-04-29,Robo a transeúnte en vía pública con violencia,QUETZAL,segunda
2024-06-17,Robo a transeúnte en vía pública con violencia,QUETZAL,segunda
2024-05-15,Robo a transeúnte en vía pública con violencia,QUETZAL,segunda
2024-02-04,Robo a transeúnte en vía pública con violencia,QUETZAL,primera
2024-04-17,Robo de vehículo con violencia,QUETZAL,segunda
2024-01-20,Robo de vehículo sin violencia,QUETZAL,primera
2024-04-10,Robo a transeúnte en vía pública con violencia,QUETZAL,segunda
2024-02-29,Robo de vehículo sin violencia,QUETZAL,primera
2024-02-24,Robo de vehículo sin violencia,QUETZAL,primera
2024-03-14,Robo a transeúnte en vía pública con violencia,QUETZAL,primera
2024-04-29,Robo de vehículo sin violencia,QUETZAL,segunda
2024-01-06,Robo de vehículo sin violencia,QUETZAL,primera
2024-01-20,Robo de vehículo sin violencia,QUETZAL,primera
2024-04-23,Robo a transeúnte en vía pública con violencia,QUETZAL,segunda
2024-05-02,Robo a negocio con violencia,QUETZAL,segunda
2024-01-23,Robo a negocio con violencia,QUETZAL,primera
2024-02-15,Robo a repartidor con y sin violencia,QUETZAL,primera
2024-04-15,Homicidio doloso,QUETZAL,segunda
2024-06-07,Homicidio doloso,QUETZAL,segunda
2024-05-31,Robo a negocio con violencia,QUETZAL,segunda
2024-06-07,Lesiones dolosas por disparo de arma de fuego,QUETZAL,segunda
2024-05-26,Robo de vehículo con violencia,QUETZAL,segunda
2024-05-02,Robo de vehículo sin violencia,QUETZAL,segunda
2024-05-07,Robo de vehículo sin violencia,QUETZAL,segunda
2024-01-20,Robo a transeúnte en vía pública con violencia,QUETZAL,primera
2024-01-14,Robo a transeúnte en vía pública con violencia,QUETZAL,primera
2024-03-21,Robo a transeúnte en vía pública con violencia,QUETZAL,primera
2024-06-07,Robo de vehículo con violencia,QUETZAL,segunda
2024-01-18,Robo a pasajero a bordo de microbús con y sin violencia,QUETZAL,primera
2024-01-10,Robo a negocio con violencia,QUETZAL,primera
2024-04-29,Lesiones dolosas por disparo de arma de fuego,QUETZAL,segunda
2024-05-21,Robo a pasajero a bordo de microbús con y sin violencia,QUETZAL,segunda
2024-02-29,Robo de vehículo con violencia,QUETZAL,primera
2024-02-16,Robo a negocio con violencia,QUETZAL,primera
2024-05-25,Robo a negocio con violencia,QUETZAL,segunda
2024-05-27,Robo a transeúnte en vía pública con violencia,QUETZAL,segunda
2024-05-07,Robo de vehículo sin violencia,QUETZAL,segunda
2024-05-11,Robo a transeúnte en vía pública con violencia,QUETZAL,segunda
2024-02-15,Robo a transeúnte en vía pública con violencia,QUETZAL,primera
2024-02-03,Robo a transeúnte en vía pública con violencia,QUETZAL,primera
2024-01-02,Robo a transeúnte en vía pública con violencia,QUETZAL,primera
2024-03-31,Robo de vehículo sin violencia,QUETZAL,primera
2024-04-18,Robo a transeúnte en vía pública con violencia,QUETZAL,segunda
2024-03-13,Robo a transeúnte en vía pública con violencia,QUETZAL,primera
2024-06-08,Robo a negocio con violencia,QUETZAL,segunda
2024-02-15,Robo a pasajero a bordo de microbús con y sin violencia,QUETZAL,primera
2024-02-03,Robo a pasajero a bordo de microbús con y sin violencia,QUETZAL,primera
2024-03-22,Robo a transeúnte en vía pública con violencia,QUETZAL,primera
2024-03-22,Robo a transeúnte en vía pública con violencia,QUETZAL,primera
2024-06-14,Robo de vehículo sin violencia,SANTA CRUZ,segunda
2024-05-01,Robo a transeúnte en vía pública con violencia,QUETZAL,segunda
2024-04-24,Robo a transeúnte en vía pública con violencia,QUETZAL,segunda
2024-03-23,Robo a transeúnte en vía pública con violencia,QUETZAL,primera
2024-02-24,Robo a transeúnte en vía pública con violencia,QUETZAL,primera
2024-01-21,Robo a casa habitación con violencia,QUETZAL,primera
2024-06-07,Robo a transeúnte en vía pública con violencia,QUETZAL,segunda
2024-03-27,Robo a transeúnte en vía pública con violencia,QUETZAL,primera
2024-03-22,Robo a casa habitación con violencia,QUETZAL,primera
2024-01-18,Robo a transeúnte en vía pública con violencia,QUETZAL,primera
2024-02-06,Robo a transeúnte en vía pública con violencia,QUETZAL,primera
2024-01-16,Robo a transeúnte en vía pública con violencia,QUETZAL,primera
2024-02-27,Homicidio doloso,QUETZAL,primera
2024-05-09,Homicidio doloso,QUETZAL,segunda
2024-03-24,Robo a repartidor con y sin violencia,QUETZAL,primera
2024-04-19,Robo a transeúnte en vía pública con violencia,QUETZAL,segunda
2024-05-31,Robo a transeúnte en vía pública con violencia,QUETZAL,segunda
2024-02-09,Robo a transeúnte en vía pública con violencia,QUETZAL,primera
2024-06-01,Robo a transeúnte en vía pública con violencia,QUETZAL,segunda
2024-05-20,Robo a transeúnte en vía pública con violencia,QUETZAL,segunda
2024-01-06,Robo a transeúnte en vía pública con violencia,QUETZAL,primera
2024-04-18,Robo de vehículo sin violencia,QUETZAL,segunda
2024-04-15,Robo de vehículo con violencia,QUETZAL,segunda
2024-04-12,Robo a transeúnte en vía pública con violencia,QUETZAL,segunda
2024-02-21,Robo a transeúnte en vía pública con violencia,QUETZAL,primera
2024-05-16,Robo de vehículo sin violencia,QUETZAL,segunda
2024-04-20,Robo a transeúnte en vía pública con violencia,QUETZAL,segunda
2024-06-30,Robo de vehículo sin violencia,QUETZAL,segunda
2024-02-22,Robo a transeúnte en vía pública con violencia,QUETZAL,primera
2024-01-28,Robo a transeúnte en vía pública con violencia,QUETZAL,primera
2024-05-30,Robo a transeúnte en vía pública con violencia,QUETZAL,segunda
2024-02-18,Robo a transeúnte en vía pública con violencia,QUETZAL,primera
2024-04-26,Homicidio doloso,QUETZAL,segunda
2024-01-05,Robo a repartidor con y sin violencia,QUETZAL,primera
2024-01-05,Robo a repartidor con y sin violencia,QUETZAL,primera
2024-01-31,Robo a transeúnte en vía pública con violencia,OASIS,primera
2024-03-07,Robo a transeúnte en vía pública con violencia,OASIS,primera
2024-06-06,Robo a transeúnte en vía pública con violencia,OASIS,segunda
2024-06-09,Robo a transeúnte en vía pública con violencia,OASIS,segunda
2024-06-14,Robo de vehículo con violencia,OASIS,segunda
2024-01-30,Robo a transeúnte en vía pública con violencia,OASIS,primera
2024-02-10,Robo a transeúnte en vía pública con violencia,OASIS,primera
2024-02-16,Robo a transeúnte en vía pública con violencia,OASIS,primera
2024-02-02,Robo a transeúnte en vía pública con violencia,OASIS,primera
2024-04-19,Robo a transeúnte en vía pública con violencia,OASIS,segunda
2024-04-08,Robo a transeúnte en vía pública con violencia,OASIS,segunda
2024-02-22,Robo a transeúnte en vía pública con violencia,OASIS,primera
2024-05-19,Robo a transeúnte en vía pública con violencia,OASIS,segunda
2024-01-15,Robo a transeúnte en vía pública con violencia,OASIS,primera
2024-06-21,Robo a transeúnte en vía pública con violencia,OASIS,segunda
2024-01-07,Homicidio doloso,QUETZAL,primera
2024-02-05,Robo a transeúnte en vía pública con violencia,SANTA CRUZ,primera
2024-03-31,Homicidio doloso,QUETZAL,primera
2024-05-06,Robo a repartidor con y sin violencia,QUETZAL,segunda
2024-01-19,Robo a transeúnte en vía pública con violencia,QUETZAL,primera
2024-02-10,Robo a transeúnte en vía pública con violencia,QUETZAL,primera
2024-02-18,Homicidio doloso,QUETZAL,primera
2024-01-01,Robo de vehículo sin violencia,SANTA CRUZ,primera
2024-05-13,Robo de vehículo sin violencia,SANTA CRUZ,segunda
2024-04-16,Robo de vehículo sin violencia,SANTA CRUZ,segunda
2024-04-26,Robo a transeúnte en vía pública con violencia,QUETZAL,segunda
2024-05-07,Robo de vehículo sin violencia,QUETZAL,segunda
2024-01-25,Robo a transeúnte en vía pública con violencia,QUETZAL,primera
2024-04-02,Robo a transeúnte en vía pública con violencia,QUETZAL,segunda
2024-05-22,Robo a transeúnte en vía pública con violencia,SANTA CRUZ,segunda
2024-05-25,Robo a transeúnte en vía pública con violencia,SANTA CRUZ,segunda
2024-03-04,Robo a transeúnte en vía pública con violencia,QUETZAL,primera
2024-01-04,Robo de vehículo con violencia,SANTA CRUZ,primera
2024-01-02,Robo de vehículo con violencia,OASIS,primera
2024-06-18,Robo de vehículo con violencia,OASIS,segunda
2024-02-23,Robo a transeúnte en vía pública con violencia,OASIS,primera
2024-02-20,Robo a transeúnte en vía pública con violencia,OASIS,primera
2024-02-11,Robo a negocio con violencia,OASIS,primera
2024-03-02,Homicidio doloso,OASIS,primera
2024-06-23,Robo a repartidor con y sin violencia,OASIS,segunda
2024-03-28,Robo a transeúnte en vía pública con violencia,OASIS,primera
2024-01-04,Robo a transeúnte en vía pública con violencia,OASIS,primera
2024-03-09,Robo a transeúnte en vía pública con violencia,OASIS,primera
2024-02-25,Robo a transeúnte en vía pública con violencia,QUETZAL,primera
2024-03-15,Robo a transeúnte en vía pública con violencia,QUETZAL,primera
2024-03-04,Robo a transeúnte en vía pública con violencia,QUETZAL,primera
2024-04-10,Robo a transeúnte en vía pública con violencia,QUETZAL,segunda
2024-05-15,Lesiones dolosas por disparo de arma de fuego,QUETZAL,segunda
2024-02-26,Lesiones dolosas por disparo de arma de fuego,QUETZAL,primera
2024-03-16,Robo a transeúnte en vía pública con violencia,QUETZAL,primera
2024-05-20,Robo a transeúnte en vía pública con violencia,QUETZAL,segunda
2024-05-13,Robo a negocio con violencia,QUETZAL,segunda
2024-04-20,Homicidio doloso,QUETZAL,segunda
2024-03-29,Robo de vehículo sin violencia,SANTA CRUZ,primera
2024-03-04,Robo a transeúnte en vía pública con violencia,SANTA CRUZ,primera
2024-04-01,Robo a transeúnte en vía pública con violencia,QUETZAL,segunda
2024-06-06,Robo a transeúnte en vía pública con violencia,QUETZAL,segunda
2024-06-16,Robo de vehículo con violencia,QUETZAL,segunda
2024-03-05,Robo de vehículo sin violencia,SANTA CRUZ,primera
2024-05-09,Robo a transeúnte en vía pública con violencia,SANTA CRUZ,segunda
2024-04-19,Robo a transeúnte en vía pública con violencia,SANTA CRUZ,segunda
2024-05-06,Homicidio doloso,QUETZAL,segunda
2024-05-26,Robo de vehículo con violencia,QUETZAL,segunda
2024-04-10,Robo de vehículo sin violencia,SANTA CRUZ,segunda
2024-01-20,Robo de vehículo sin violencia,QUETZAL,primera
2024-01-27,Robo de vehículo sin violencia,SANTA CRUZ,primera
2024-03-05,Robo a transeúnte en vía pública con violencia,SANTA CRUZ,primera
2024-05-28,Robo a transeúnte en vía pública con violencia,SANTA CRUZ,segunda
2024-05-02,Robo a transeúnte en vía pública con violencia,SANTA CRUZ,segunda
2024-02-02,Robo a transeúnte en vía pública con violencia,SANTA CRUZ,primera
2024-02-27,Robo de vehículo sin violencia,QUETZAL,primera
2024-05-31,Robo a transeúnte en vía pública con violencia,SANTA CRUZ,segunda
2024-02-26,Robo a transeúnte en vía pública con violencia,SANTA CRUZ,primera
2024-06-24,Robo de vehículo con violencia,QUETZAL,segunda
2024-04-23,Robo a transeúnte en vía pública con violencia,QUETZAL,segunda
2024-01-25,Robo a transeúnte en vía pública con violencia,QUETZAL,primera
2024-02-01,Robo a transeúnte en vía pública con violencia,QUETZAL,primera
2024-04-04,Robo a transeúnte en vía pública con violencia,QUETZAL,segunda
2024-04-07,Robo a transeúnte en vía pública con violencia,QUETZAL,segunda
2024-02-27,Robo de vehículo sin violencia,QUETZAL,primera
2024-03-01,Robo de vehículo sin violencia,QUETZAL,primera
2024-03-10,Robo a transeúnte en vía pública con violencia,QUETZAL,primera
2024-03-24,Robo a transeúnte en vía pública con violencia,QUETZAL,primera
2024-06-10,Lesiones dolosas por disparo de arma de fuego,SANTA CRUZ,segunda
2024-04-16,Robo a transeúnte en vía pública con violencia,QUETZAL,segunda
2024-04-23,Robo a transeúnte en vía pública con violencia,QUETZAL,segunda
2024-01-12,Robo a transeúnte en vía pública con violencia,QUETZAL,primera
2024-02-16,Robo de vehículo con violencia,QUETZAL,primera
2024-01-12,Robo a transeúnte en vía pública con violencia,QUETZAL,primera
2024-01-03,Robo a transeúnte en vía pública con violencia,QUETZAL,primera
2024-04-09,Robo a transeúnte en vía pública con violencia,QUETZAL,segunda
2024-04-19,Robo a casa habitación con violencia,QUETZAL,segunda
2024-04-07,Robo de vehículo con violencia,QUETZAL,segunda
2024-03-19,Robo a transeúnte en vía pública con violencia,QUETZAL,primera
2024-03-11,Robo a transeúnte en vía pública con violencia,QUETZAL,primera
2024-02-01,Robo a casa habitación con violencia,QUETZAL,primera
2024-02-28,Robo a negocio con violencia,SANTA CRUZ,primera
2024-06-30,Homicidio doloso,QUETZAL,segunda
2024-05-14,Secuestro,QUETZAL,segunda
2024-05-26,Lesiones dolosas por disparo de arma de fuego,QUETZAL,segunda
2024-05-17,Lesiones dolosas por disparo de arma de fuego,QUETZAL,segunda
2024-02-09,Robo de vehículo sin violencia,QUETZAL,primera
2024-02-26,Robo de vehículo sin violencia,SANTA CRUZ,primera
2024-02-27,Robo de vehículo sin violencia,SANTA CRUZ,primera
2024-04-28,Robo de vehículo sin violencia,SANTA CRUZ,segunda
2024-04-26,Robo de vehículo con violencia,SANTA CRUZ,segunda
2024-05-08,Robo a transeúnte en vía pública con violencia,SANTA CRUZ,segunda
2024-01-26,Robo de vehículo sin violencia,SANTA CRUZ,primera
2024-06-24,Robo a transeúnte en vía pública con violencia,SANTA CRUZ,segunda
2024-04-23,Robo a transeúnte en vía pública con violencia,SANTA CRUZ,segunda
2024-04-09,Robo a transeúnte en vía pública con violencia,SANTA CRUZ,segunda
2024-03-07,Robo de vehículo sin violencia,QUETZAL,primera
2024-02-15,Robo a transeúnte en vía pública con violencia,SANTA CRUZ,primera
2024-01-29,Robo de vehículo sin violencia,SANTA CRUZ,primera
2024-06-03,Robo de vehículo sin violencia,SANTA CRUZ,segunda
2024-01-30,Robo a negocio con violencia,SANTA CRUZ,primera
2024-01-24,Robo a pasajero a bordo de microbús con y sin violencia,SANTA CRUZ,primera
2024-04-07,Robo a transeúnte en vía pública con violencia,SANTA CRUZ,segunda
2024-04-03,Robo a transeúnte en vía pública con violencia,SANTA CRUZ,segunda
2024-06-23,Robo a repartidor con y sin violencia,SANTA CRUZ,segunda
2024-04-28,Robo a repartidor con y sin violencia,SANTA CRUZ,segunda
2024-01-29,Robo a transeúnte en vía pública con violencia,SANTA CRUZ,primera
2024-05-20,Homicidio doloso,SANTA CRUZ,segunda
2024-02-08,Robo a transeúnte en vía pública con violencia,SANTA CRUZ,primera
2024-03-15,Robo de vehículo sin violencia,SANTA CRUZ,primera
2024-03-04,Robo a transeúnte en vía pública con violencia,SANTA CRUZ,primera
2024-02-17,Homicidio doloso,SANTA CRUZ,primera
2024-05-28,Robo de vehículo sin violencia,SANTA CRUZ,segunda
2024-03-24,Robo a transeúnte en vía pública con violencia,SANTA CRUZ,primera
2024-04-12,Robo de vehículo sin violencia,SANTA CRUZ,segunda
2024-01-22,Robo a transeúnte en vía pública con violencia,SANTA CRUZ,primera
2024-02-29,Homicidio doloso,SANTA CRUZ,primera
2024-06-07,Robo a transeúnte en vía pública con violencia,SANTA CRUZ,segunda
2024-06-24,Robo a transeúnte en vía pública con violencia,SANTA CRUZ,segunda
2024-05-12,Robo a transeúnte en vía pública con violencia,SANTA CRUZ,segunda
2024-01-23,Robo a transeúnte en vía pública con violencia,SANTA CRUZ,primera
2024-02-18,Homicidio doloso,SANTA CRUZ,primera
2024-03-30,Homicidio doloso,SANTA CRUZ,primera
2024-06-07,Robo a transeúnte en vía pública con violencia,SANTA CRUZ,segunda
2024-01-13,Robo a transeúnte en vía pública con violencia,SANTA CRUZ,primera
2024-02-29,Robo de vehículo sin violencia,SANTA CRUZ,primera
2024-06-05,Lesiones dolosas por disparo de arma de fuego,SANTA CRUZ,segunda
2024-04-19,Lesiones dolosas por disparo de arma de fuego,SANTA CRUZ,segunda
2024-03-26,Robo a pasajero a bordo de taxi con violencia,SANTA CRUZ,primera
2024-03-17,Homicidio doloso,SANTA CRUZ,primera
2024-02-13,Robo a negocio con violencia,SANTA CRUZ,primera
2024-03-27,Robo a pasajero a bordo de microbús con y sin violencia,SANTA CRUZ,primera
2024-01-23,Robo a transeúnte en vía pública con violencia,SANTA CRUZ,primera
2024-02-02,Robo a transeúnte en vía pública con violencia,SANTA CRUZ,primera
2024-04-06,Robo a transeúnte en vía pública con violencia,SANTA CRUZ,segunda
2024-02-23,Robo a transeúnte en vía pública con violencia,SANTA CRUZ,primera
2024-01-18,Robo a transeúnte en vía pública con violencia,SANTA CRUZ,primera
2024-02-06,Robo de vehículo sin violencia,SANTA CRUZ,primera
2024-02-14,Robo a transeúnte en vía pública con violencia,SANTA CRUZ,primera
2024-02-13,Robo a transeúnte en vía pública con violencia,SANTA CRUZ,primera
2024-05-27,Robo de vehículo con violencia,SANTA CRUZ,segunda
2024-05-01,Robo de vehículo con violencia,SANTA CRUZ,segunda
2024-05-04,Robo a transeúnte en vía pública con violencia,SANTA CRUZ,segunda
2024-05-16,Robo a transeúnte en vía pública con violencia,SANTA CRUZ,segunda
2024-05-20,Robo de vehículo sin violencia,SANTA CRUZ,segunda
2024-01-06,Robo a transeúnte en vía pública con violencia,SANTA CRUZ,primera
2024-01-05,Robo a transeúnte en vía pública con violencia,SANTA CRUZ,primera
2024-02-19,Robo de vehículo con violencia,SANTA CRUZ,primera
2024-03-05,Robo de vehículo con violencia,SANTA CRUZ,primera
2024-04-29,Robo a transeúnte en vía pública con violencia,SANTA CRUZ,segunda
2024-06-11,Robo a transeúnte en vía pública con violencia,SANTA CRUZ,segunda
2024-02-16,Robo de vehículo sin violencia,SANTA CRUZ,primera
2024-03-16,Robo a transeúnte en vía pública con violencia,SANTA CRUZ,primera
2024-02-20,Robo de vehículo con violencia,SANTA CRUZ,primera
2024-04-15,Robo a transeúnte en vía pública con violencia,SANTA CRUZ,segunda
2024-03-15,Robo a transeúnte en vía pública con violencia,SANTA CRUZ,primera
2024-06-02,Lesiones dolosas por disparo de arma de fuego,SANTA CRUZ,segunda
2024-05-24,Robo a transeúnte en vía pública con violencia,SANTA CRUZ,segunda
2024-05-07,Robo de vehículo sin violencia,QUETZAL,segunda
2024-05-13,Robo a transeúnte en vía pública con violencia,QUETZAL,segunda
2024-05-28,Robo de vehículo con violencia,QUETZAL,segunda
2024-01-24,Robo de vehículo con violencia,QUETZAL,primera
2024-01-15,Robo a transeúnte en vía pública con violencia,QUETZAL,primera
2024-04-14,Robo de vehículo sin violencia,QUETZAL,segunda
2024-05-26,Robo de vehículo con violencia,QUETZAL,segunda
2024-04-23,Robo a transeúnte en vía pública con violencia,QUETZAL,segunda
2024-06-30,Robo de vehículo sin violencia,QUETZAL,segunda
2024-02-10,Robo de vehículo con violencia,QUETZAL,primera
2024-04-23,Robo a transeúnte en vía pública con violencia,QUETZAL,segunda
2024-01-12,Robo de vehículo con violencia,QUETZAL,primera
2024-02-14,Robo a transeúnte en vía pública con violencia,QUETZAL,primera
2024-02-17,Robo a transeúnte en vía pública con violencia,QUETZAL,primera
2024-05-07,Robo de vehículo sin violencia,QUETZAL,segunda
2024-01-23,Robo a transeúnte en vía pública con violencia,QUETZAL,primera
2024-02-27,Robo de vehículo sin violencia,QUETZAL,primera
2024-02-29,Robo a repartidor con y sin violencia,SANTA CRUZ,primera
2024-03-29,Robo a repartidor con y sin violencia,SANTA CRUZ,primera
2024-03-28,Robo de vehículo sin violencia,SANTA CRUZ,primera
2024-04-15,Robo a transeúnte en vía pública con violencia,SANTA CRUZ,segunda
2024-03-03,Robo de vehículo con violencia,SANTA CRUZ,primera
2024-04-19,Robo a transeúnte en vía pública con violencia,SANTA CRUZ,segunda
2024-01-08,Robo a transeúnte en vía pública con violencia,SANTA CRUZ,primera
2024-03-31,Homicidio doloso,SANTA CRUZ,primera
2024-06-03,Robo a repartidor con y sin violencia,SANTA CRUZ,segunda
2024-05-06,Robo de vehículo sin violencia,SANTA CRUZ,segunda
2024-06-12,Robo de vehículo sin violencia,SANTA CRUZ,segunda
2024-06-17,Robo a transeúnte en vía pública con violencia,SANTA CRUZ,segunda
2024-05-07,Robo a transeúnte en vía pública con violencia,SANTA CRUZ,segunda
2024-03-10,Robo a cuentahabiente saliendo del cajero con violencia,SANTA CRUZ,primera
2024-04-16,Robo a negocio con violencia,SANTA CRUZ,segunda
2024-04-10,Robo a transeúnte en vía pública con violencia,SANTA CRUZ,segunda
2024-02-04,Homicidio doloso,SANTA CRUZ,primera
2024-03-02,Robo a transeúnte en vía pública con violencia,SANTA CRUZ,primera
2024-04-30,Robo a transeúnte en vía pública con violencia,SANTA CRUZ,segunda
2024-06-24,Robo a transeúnte en vía pública con violencia,SANTA CRUZ,segunda
2024-06-11,Robo a negocio con violencia,SANTA CRUZ,segunda
2024-05-10,Robo a negocio con violencia,SANTA CRUZ,segunda
2024-05-06,Robo a repartidor con y sin violencia,SANTA CRUZ,segunda
2024-05-09,Robo a repartidor con y sin violencia,SANTA CRUZ,segunda
2024-06-04,Robo de vehículo sin violencia,SANTA CRUZ,segunda
2024-01-22,Robo de vehículo con violencia,SANTA CRUZ,primera
2024-01-11,Robo a transeúnte en vía pública con violencia,SANTA CRUZ,primera
2024-04-04,Robo de vehículo sin violencia,SANTA CRUZ,segunda
2024-01-11,Homicidio doloso,SANTA CRUZ,primera
2024-06-14,Robo a repartidor con y sin violencia,SANTA CRUZ,segunda
2024-06-14,Robo a repartidor con y sin violencia,SANTA CRUZ,segunda
2024-06-06,Robo de vehículo sin violencia,SANTA CRUZ,segunda
2024-01-23,Robo de vehículo sin violencia,SANTA CRUZ,primera
2024-06-13,Robo a transeúnte en vía pública con violencia,SANTA CRUZ,segunda
2024-04-18,Robo a transeúnte en vía pública con violencia,SANTA CRUZ,segunda
2024-03-19,Robo de vehículo sin violencia,SANTA CRUZ,primera
2024-05-09,Robo a negocio con violencia,SANTA CRUZ,segunda
2024-01-04,Robo a cuentahabiente saliendo del cajero con violencia,SANTA CRUZ,primera
2024-01-17,Robo de vehículo con violencia,SANTA CRUZ,primera
2024-02-29,Robo de vehículo con violencia,SANTA CRUZ,primera
2024-02-20,Robo de vehículo sin violencia,SANTA CRUZ,primera
2024-02-15,Robo de vehículo sin violencia,SANTA CRUZ,primera
2024-03-23,Robo de vehículo con violencia,SANTA CRUZ,primera
2024-03-22,Robo de vehículo sin violencia,SANTA CRUZ,primera
2024-02-28,Robo a transeúnte en vía pública con violencia,SANTA CRUZ,primera
2024-06-04,Robo a negocio con violencia,SANTA CRUZ,segunda
2024-06-24,Robo a negocio con violencia,SANTA CRUZ,segunda
2024-01-16,Robo a casa habitación con violencia,SANTA CRUZ,primera
2024-05-01,Robo a negocio con violencia,SANTA CRUZ,segunda
2024-01-22,Robo a transeúnte en vía pública con violencia,SANTA CRUZ,primera
2024-02-15,Robo a transeúnte en vía pública con violencia,SANTA CRUZ,primera
2024-03-12,Robo a transeúnte en vía pública con violencia,SANTA CRUZ,primera
2024-02-21,Homicidio doloso,SANTA CRUZ,primera
2024-02-01,Robo de vehículo sin violencia,SANTA CRUZ,primera
2024-02-01,Robo a negocio con violencia,SANTA CRUZ,primera
2024-02-02,Robo a negocio con violencia,SANTA CRUZ,primera
2024-06-23,Robo a transeúnte en vía pública con violencia,SANTA CRUZ,segunda
2024-02-06,Robo a transeúnte en vía pública con violencia,SANTA CRUZ,primera
2024-04-14,Robo a transeúnte en vía pública con violencia,SANTA CRUZ,segunda
2024-06-24,Robo de vehículo sin violencia,SANTA CRUZ,segunda
2024-02-04,Robo a transeúnte en vía pública con violencia,SANTA CRUZ,primera
2024-06-11,Robo a transeúnte en vía pública con violencia,SANTA CRUZ,segunda
2024-01-16,Robo a transeúnte en vía pública con violencia,SANTA CRUZ,primera
2024-01-05,Robo de vehículo con violencia,SANTA CRUZ,primera
2024-02-13,Robo a transeúnte en vía pública con violencia,SANTA CRUZ,primera
2024-01-02,Robo de vehículo sin violencia,SANTA CRUZ,primera
2024-03-29,Robo a transeúnte en vía pública con violencia,SANTA CRUZ,primera
2024-02-10,Robo a transeúnte en vía pública con violencia,SANTA CRUZ,primera
2024-05-31,Robo de vehículo sin violencia,SANTA CRUZ,segunda
2024-05-20,Robo a transeúnte en vía pública con violencia,SANTA CRUZ,segunda
2024-06-27,Robo de vehículo sin violencia,SANTA CRUZ,segunda
2024-05-31,Robo a repartidor con y sin violencia,SANTA CRUZ,segunda
2024-01-10,Robo de vehículo sin violencia,TEOTONGO,primera
2024-03-03,Robo de vehículo sin violencia,TEOTONGO,primera
2024-06-24,Robo de vehículo sin violencia,TEOTONGO,segunda
2024-06-30,Robo a transeúnte en vía pública con violencia,TEOTONGO,segunda
2024-03-13,Robo de vehículo sin violencia,TEOTONGO,primera
2024-03-07,Robo de vehículo sin violencia,TEOTONGO,primera
2024-04-02,Robo a repartidor con y sin violencia,TEOTONGO,segunda
2024-06-16,Robo a transeúnte en vía pública con violencia,TEOTONGO,segunda
2024-06-07,Robo de vehículo con violencia,TEOTONGO,segunda
2024-06-29,Robo a transeúnte en vía pública con violencia,TEOTONGO,segunda
2024-02-18,Robo de vehículo sin violencia,TEOTONGO,primera
2024-03-07,Robo a transeúnte en vía pública con violencia,TEOTONGO,primera
2024-02-22,Robo a negocio con violencia,NATIVITAS,primera
2024-04-24,Robo a repartidor con y sin violencia,TEOTONGO,segunda
2024-05-10,Homicidio doloso,TEOTONGO,segunda
2024-05-03,Robo a transeúnte en vía pública con violencia,TEOTONGO,segunda
2024-03-30,Robo de vehículo sin violencia,TEOTONGO,primera
2024-04-15,Homicidio doloso,TEOTONGO,segunda
2024-01-08,Robo a negocio con violencia,TEOTONGO,primera
2024-05-15,Robo a transeúnte en vía pública con violencia,TEOTONGO,segunda
2024-01-24,Robo de vehículo sin violencia,TEOTONGO,primera
2024-06-26,Robo de vehículo sin violencia,TEOTONGO,segunda
2024-06-22,Robo a transeúnte en vía pública con violencia,TEOTONGO,segunda
2024-06-18,Robo a transeúnte en vía pública con violencia,TEOTONGO,segunda
2024-04-22,Robo de vehículo con violencia,TEOTONGO,segunda
2024-04-13,Robo a transeúnte en vía pública con violencia,TEOTONGO,segunda
2024-06-11,Robo a repartidor con y sin violencia,TEOTONGO,segunda
2024-04-08,Lesiones dolosas por disparo de arma de fuego,TEOTONGO,segunda
2024-02-02,Homicidio doloso,TEOTONGO,primera
2024-06-25,Robo a transeúnte en vía pública con violencia,TEOTONGO,segunda
2024-03-14,Robo a transeúnte en vía pública con violencia,TEOTONGO,primera
2024-05-31,Robo de vehículo sin violencia,TEOTONGO,segunda
2024-06-19,Robo a transeúnte en vía pública con violencia,TEOTONGO,segunda
2024-02-18,Robo a pasajero a bordo de microbús con y sin violencia,SANTA CRUZ,primera
2024-01-28,Robo de vehículo sin violencia,SANTA CRUZ,primera
2024-02-13,Robo de vehículo sin violencia,SANTA CRUZ,primera
2024-05-28,Robo de vehículo sin violencia,SANTA CRUZ,segunda
2024-06-30,Robo a transeúnte en vía pública con violencia,SANTA CRUZ,segunda
2024-02-20,Robo de vehículo sin violencia,SANTA CRUZ,primera
2024-02-21,Robo de vehículo sin violencia,SANTA CRUZ,primera
2024-06-28,Robo de vehículo sin violencia,SANTA CRUZ,segunda
2024-06-23,Homicidio doloso,TEOTONGO,segunda
2024-01-28,Robo de vehículo sin violencia,TEOTONGO,primera
2024-03-01,Robo a transeúnte en vía pública con violencia,TEOTONGO,primera
2024-04-06,Lesiones dolosas por disparo de arma de fuego,TEOTONGO,segunda
2024-05-31,Robo de vehículo sin violencia,TEOTONGO,segunda
2024-02-09,Robo a transeúnte en vía pública con violencia,TEOTONGO,primera
2024-03-30,Robo a transeúnte en vía pública con violencia,TEOTONGO,primera
2024-02-16,Robo a transeúnte en vía pública con violencia,TEOTONGO,primera
2024-01-30,Robo de vehículo con violencia,TEOTONGO,primera
2024-04-01,Robo de vehículo sin violencia,TEOTONGO,segunda
2024-03-12,Robo de vehículo sin violencia,TEOTONGO,primera
2024-06-09,Robo de vehículo con violencia,TEOTONGO,segunda
2024-02-13,Robo de vehículo con violencia,TEOTONGO,primera
2024-01-21,Robo a transeúnte en vía pública con violencia,TEOTONGO,primera
2024-03-03,Robo a transeúnte en vía pública con violencia,TEOTONGO,primera
2024-02-12,Robo de vehículo sin violencia,TEOTONGO,primera
2024-06-11,Robo de vehículo sin violencia,TEOTONGO,segunda
2024-06-17,Robo a transeúnte en vía pública con violencia,TEOTONGO,segunda
2024-05-24,Robo de vehículo con violencia,TEOTONGO,segunda
2024-06-28,Robo de vehículo sin violencia,TEOTONGO,segunda
2024-02-07,Robo a transeúnte en vía pública con violencia,TEOTONGO,primera
2024-05-16,Robo de vehículo con violencia,TEOTONGO,segunda
2024-05-22,Robo de vehículo sin violencia,TEOTONGO,segunda
2024-01-20,Robo a transeúnte en vía pública con violencia,TEOTONGO,primera
2024-03-17,Robo a transeúnte en vía pública con violencia,TEOTONGO,primera
2024-05-21,Robo a transeúnte en vía pública con violencia,TEOTONGO,segunda
2024-06-30,Robo a transeúnte en vía pública con violencia,TEOTONGO,segunda
2024-01-25,Robo a transeúnte en vía pública con violencia,TEOTONGO,primera
2024-01-12,Robo de vehículo con violencia,TEOTONGO,primera
2024-03-20,Robo de vehículo sin violencia,TEOTONGO,primera
2024-03-10,Robo de vehículo sin violencia,TEOTONGO,primera
2024-03-20,Robo de vehículo sin violencia,TEOTONGO,primera
2024-03-12,Robo a transeúnte en vía pública con violencia,TEOTONGO,primera
2024-06-29,Robo de vehículo sin violencia,POLANCO-CASTILLO,segunda
2024-04-01,Robo a cuentahabiente saliendo del cajero con violencia,TEOTONGO,segunda
2024-06-27,Robo a repartidor con y sin violencia,TEOTONGO,segunda
2024-03-08,Robo a pasajero a bordo de taxi con violencia,TEOTONGO,primera
2024-01-27,Robo de vehículo sin violencia,TEOTONGO,primera
2024-02-24,Robo a transeúnte en vía pública con violencia,TEOTONGO,primera
2024-03-15,Robo de vehículo sin violencia,TEZONCO,primera
2024-06-18,Robo de vehículo sin violencia,TEZONCO,segunda
2024-05-06,Robo a repartidor con y sin violencia,TEOTONGO,segunda
2024-05-09,Robo de vehículo sin violencia,TEZONCO,segunda
2024-03-07,Robo de vehículo sin violencia,TEZONCO,primera
2024-03-28,Robo de vehículo sin violencia,TEOTONGO,primera
2024-05-06,Robo de vehículo sin violencia,TEOTONGO,segunda
2024-03-02,Robo a transeúnte en vía pública con violencia,TEOTONGO,primera
2024-01-10,Robo a transeúnte en vía pública con violencia,TEOTONGO,primera
2024-03-30,Robo de vehículo con violencia,TEOTONGO,primera
2024-03-10,Robo a transeúnte en vía pública con violencia,TEOTONGO,primera
2024-05-13,Robo de vehículo con violencia,TEOTONGO,segunda
2024-06-12,Robo a transeúnte en vía pública con violencia,TEOTONGO,segunda
2024-01-21,Robo a transeúnte en vía pública con violencia,TEOTONGO,primera
2024-02-04,Robo a transeúnte en vía pública con violencia,TEOTONGO,primera
2024-03-04,Robo a transeúnte en vía pública con violencia,TEOTONGO,primera
2024-06-16,Robo a negocio con violencia,TEOTONGO,segunda
2024-02-21,Homicidio doloso,TEOTONGO,primera
2024-03-15,Lesiones dolosas por disparo de arma de fuego,TEOTONGO,primera
2024-05-02,Robo a transeúnte en vía pública con violencia,TEOTONGO,segunda
2024-05-17,Robo de vehículo con violencia,TEOTONGO,segunda
2024-06-21,Robo a transeúnte en vía pública con violencia,TEZONCO,segunda
2024-05-25,Robo a transeúnte en vía pública con violencia,TEOTONGO,segunda
2024-06-20,Robo a transeúnte en vía pública con violencia,TEOTONGO,segunda
2024-06-21,Robo de vehículo con violencia,TEOTONGO,segunda
2024-03-20,Robo a transeúnte en vía pública con violencia,CUITLAHUAC,primera
2024-04-21,Robo a transeúnte en vía pública con violencia,TEOTONGO,segunda
2024-05-07,Robo a transeúnte en vía pública con violencia,TEOTONGO,segunda
2024-01-22,Robo de vehículo sin violencia,TEOTONGO,primera
2024-01-03,Robo de vehículo sin violencia,TEOTONGO,primera
2024-02-24,Robo de vehículo con violencia,TEOTONGO,primera
2024-02-11,Robo de vehículo con violencia,TEZONCO,primera
2024-05-26,Homicidio doloso,TEZONCO,segunda
2024-05-22,Robo a negocio con violencia,TEOTONGO,segunda
2024-05-02,Robo a transeúnte en vía pública con violencia,TACUBA,segunda
2024-05-09,Robo a transeúnte en vía pública con violencia,TEOTONGO,segunda
2024-02-10,Robo a transeúnte en vía pública con violencia,TEOTONGO,primera
2024-06-07,Robo de vehículo sin violencia,TEOTONGO,segunda
2024-06-30,Robo a transeúnte en vía pública con violencia,TEOTONGO,segunda
2024-02-13,Robo a transeúnte en vía pública con violencia,TEOTONGO,primera
2024-02-02,Robo de vehículo sin violencia,TEOTONGO,primera
2024-04-09,Robo a transeúnte en vía pública con violencia,TEOTONGO,segunda
2024-04-09,Robo a transeúnte en vía pública con violencia,TEOTONGO,segunda
2024-04-26,Robo a transeúnte en vía pública con violencia,TEOTONGO,segunda
2024-03-06,Robo de vehículo sin violencia,TEOTONGO,primera
2024-04-20,Robo de vehículo sin violencia,POLANCO-CASTILLO,segunda
2024-06-04,Robo de vehículo sin violencia,TEOTONGO,segunda
2024-03-25,Robo a negocio con violencia,TEOTONGO,primera
2024-02-09,Robo a transeúnte en vía pública con violencia,TEOTONGO,primera
2024-05-28,Robo de vehículo sin violencia,TEOTONGO,segunda
2024-01-15,Robo de vehículo con violencia,TEOTONGO,primera
2024-04-30,Robo de vehículo sin violencia,TEOTONGO,segunda
2024-01-09,Robo de vehículo con violencia,TEOTONGO,primera
2024-01-18,Robo a transeúnte en vía pública con violencia,TEOTONGO,primera
2024-03-25,Robo a transeúnte en vía pública con violencia,TEOTONGO,primera
2024-04-09,Robo a transeúnte en vía pública con violencia,TEOTONGO,segunda
2024-05-15,Robo a transeúnte en vía pública con violencia,TEOTONGO,segunda
2024-02-03,Robo a transeúnte en vía pública con violencia,TEOTONGO,primera
2024-02-26,Robo a transeúnte en vía pública con violencia,TEOTONGO,primera
2024-03-13,Robo a transeúnte en vía pública con violencia,TEOTONGO,primera
2024-05-19,Robo de vehículo sin violencia,TEOTONGO,segunda
2024-01-18,Robo a transeúnte en vía pública con violencia,TEOTONGO,primera
2024-04-07,Robo de vehículo sin violencia,TEOTONGO,segunda
2024-03-03,Robo a transeúnte en vía pública con violencia,TEOTONGO,primera
2024-03-05,Robo a transeúnte en vía pública con violencia,TEOTONGO,primera
2024-03-13,Robo a negocio con violencia,TEOTONGO,primera
2024-03-05,Robo a negocio con violencia,TEOTONGO,primera
2024-05-02,Robo a pasajero a bordo de microbús con y sin violencia,TEOTONGO,segunda
2024-05-17,Robo a cuentahabiente saliendo del cajero con violencia,TEOTONGO,segunda
2024-02-24,Robo a transeúnte en vía pública con violencia,TEOTONGO,primera
2024-06-15,Robo a transeúnte en vía pública con violencia,TEOTONGO,segunda
2024-05-05,Robo a transeúnte en vía pública con violencia,TEOTONGO,segunda
2024-02-04,Robo a transeúnte en vía pública con violencia,TEOTONGO,primera
2024-04-17,Robo a negocio con violencia,TEOTONGO,segunda
2024-06-27,Robo a repartidor con y sin violencia,TEOTONGO,segunda
2024-03-03,Robo de vehículo con violencia,TEZONCO,primera
2024-05-29,Robo a casa habitación con violencia,TEOTONGO,segunda
2024-06-20,Robo a transeúnte en vía pública con violencia,TEOTONGO,segunda
2024-05-03,Robo a transeúnte en vía pública con violencia,TEOTONGO,segunda
2024-04-25,Robo de vehículo sin violencia,TEOTONGO,segunda
2024-01-16,Robo de vehículo sin violencia,TEZONCO,primera
2024-03-02,Robo a transeúnte en vía pública con violencia,TEOTONGO,primera
2024-06-26,Robo a transeúnte en vía pública con violencia,TEZONCO,segunda
2024-05-30,Robo a negocio con violencia,TEOTONGO,segunda
2024-01-07,Robo de vehículo sin violencia,TEZONCO,primera
2024-01-30,Robo a casa habitación con violencia,TEOTONGO,primera
2024-03-09,Robo de vehículo con violencia,TEZONCO,primera
2024-02-04,Robo a negocio con violencia,TEOTONGO,primera
2024-06-13,Robo a transeúnte en vía pública con violencia,TEZONCO,segunda
2024-04-16,Robo a transeúnte en vía pública con violencia,TEZONCO,segunda
2024-01-24,Homicidio doloso,TEOTONGO,primera
2024-03-05,Robo a pasajero a bordo de microbús con y sin violencia,TEOTONGO,primera
2024-03-15,Robo de vehículo con violencia,TEOTONGO,primera
2024-05-08,Robo a transeúnte en vía pública con violencia,TEOTONGO,segunda
2024-04-27,Robo a transeúnte en vía pública con violencia,TEOTONGO,segunda
2024-05-07,Robo a transeúnte en vía pública con violencia,TEOTONGO,segunda
2024-02-17,Robo de vehículo sin violencia,TEOTONGO,primera
2024-02-25,Robo de vehículo sin violencia,POLANCO-CASTILLO,primera
2024-02-16,Robo a transeúnte en vía pública con violencia,TEOTONGO,primera
2024-01-17,Robo a transeúnte en vía pública con violencia,TEOTONGO,primera
2024-02-27,Robo de vehículo sin violencia,TEOTONGO,primera
2024-05-03,Robo a transeúnte en vía pública con violencia,TEOTONGO,segunda
2024-03-22,Robo de vehículo sin violencia,TEZONCO,primera
2024-03-23,Robo de vehículo sin violencia,TEZONCO,primera
2024-05-21,Robo de vehículo sin violencia,TEZONCO,segunda
2024-04-18,Robo de vehículo sin violencia,TEZONCO,segunda
2024-02-08,Robo de vehículo sin violencia,TEZONCO,primera
2024-06-28,Robo a transeúnte en vía pública con violencia,TEZONCO,segunda
2024-01-08,Robo a negocio con violencia,TEOTONGO,primera
2024-06-30,Robo a transeúnte en vía pública con violencia,TEZONCO,segunda
2024-06-29,Robo a negocio con violencia,CUITLAHUAC,segunda
2024-06-03,Robo de vehículo sin violencia,CUITLAHUAC,segunda
2024-03-30,Robo de vehículo sin violencia,CUITLAHUAC,primera
2024-04-27,Robo de vehículo sin violencia,MILPA ALTA,segunda
2024-01-20,Robo de vehículo sin violencia,MILPA ALTA,primera
2024-03-23,Robo de vehículo sin violencia,MILPA ALTA,primera
2024-03-15,Robo de vehículo con violencia,MILPA ALTA,primera
2024-05-05,Robo de vehículo sin violencia,MILPA ALTA,segunda
2024-01-29,Robo de vehículo sin violencia,MILPA ALTA,primera
2024-05-25,Robo de vehículo sin violencia,TEZONCO,segunda
2024-05-28,Robo de vehículo con violencia,TEZONCO,segunda
2024-06-20,Robo a transeúnte en vía pública con violencia,TEZONCO,segunda
2024-06-20,Robo de vehículo con violencia,TEZONCO,segunda
2024-06-23,Robo a transeúnte en vía pública con violencia,TEZONCO,segunda
2024-04-22,Robo a transeúnte en vía pública con violencia,TEZONCO,segunda
2024-05-14,Robo a transeúnte en vía pública con violencia,TEZONCO,segunda
2024-01-26,Robo a transeúnte en vía pública con violencia,TEZONCO,primera
2024-01-30,Robo de vehículo sin violencia,TEZONCO,primera
2024-02-13,Robo a transeúnte en vía pública con violencia,TEZONCO,primera
2024-03-22,Robo de vehículo con violencia,TEZONCO,primera
2024-03-22,Robo de vehículo con violencia,TEZONCO,primera
2024-03-21,Robo a transeúnte en vía pública con violencia,TEZONCO,primera
2024-03-27,Robo de vehículo sin violencia,TEZONCO,primera
2024-03-24,Robo de vehículo con violencia,TEZONCO,primera
2024-04-13,Robo de vehículo con violencia,TEZONCO,segunda
2024-04-11,Robo de vehículo sin violencia,TEZONCO,segunda
2024-02-26,Robo a transeúnte en vía pública con violencia,TEZONCO,primera
2024-03-05,Robo de vehículo sin violencia,TEZONCO,primera
2024-03-05,Robo de vehículo sin violencia,TEZONCO,primera
2024-06-13,Robo de vehículo con violencia,MILPA ALTA,segunda
2024-05-28,Robo a negocio con violencia,TEZONCO,segunda
2024-06-23,Robo a repartidor con y sin violencia,TEZONCO,segunda
2024-04-29,Robo a negocio con violencia,TEZONCO,segunda
2024-05-17,Robo a negocio con violencia,TEZONCO,segunda
2024-04-04,Robo a pasajero a bordo de microbús con y sin violencia,TEZONCO,segunda
2024-03-20,Robo a pasajero a bordo de microbús con y sin violencia,TEZONCO,primera
2024-05-10,Robo a negocio con violencia,TEZONCO,segunda
2024-01-11,Robo de vehículo sin violencia,MILPA ALTA,primera
2024-02-13,Robo a cuentahabiente saliendo del cajero con violencia,TEZONCO,primera
2024-02-27,Robo de vehículo sin violencia,TEZONCO,primera
2024-01-07,Robo a transeúnte en vía pública con violencia,TEZONCO,primera
2024-04-04,Robo a transeúnte en vía pública con violencia,TEZONCO,segunda
2024-02-25,Robo de vehículo sin violencia,TEZONCO,primera
2024-05-16,Robo de vehículo sin violencia,TEZONCO,segunda
2024-02-24,Robo a transeúnte en vía pública con violencia,TEZONCO,primera
2024-03-13,Robo de vehículo sin violencia,TEZONCO,primera
2024-03-28,Robo a transeúnte en vía pública con violencia,TEZONCO,primera
2024-06-28,Robo a transeúnte en vía pública con violencia,TEZONCO,segunda
2024-01-10,Robo de vehículo sin violencia,TEZONCO,primera
2024-01-04,Robo de vehículo sin violencia,TEZONCO,primera
2024-05-08,Robo a negocio con violencia,TEZONCO,segunda
2024-06-25,Robo a transeúnte en vía pública con violencia,TEZONCO,segunda
2024-02-24,Robo de vehículo con violencia,TEZONCO,primera
2024-05-24,Robo a pasajero a bordo de microbús con y sin violencia,TEZONCO,segunda
2024-01-24,Homicidio doloso,TEZONCO,primera
2024-03-30,Robo a casa habitación con violencia,TEZONCO,primera
2024-04-15,Robo de vehículo sin violencia,TEZONCO,segunda
2024-04-13,Homicidio doloso,TEZONCO,segunda
2024-04-06,Robo de vehículo sin violencia,TEZONCO,segunda
2024-04-08,Robo a transeúnte en vía pública con violencia,TEZONCO,segunda
2024-01-22,Robo de vehículo sin violencia,TEZONCO,primera
2024-04-23,Robo de vehículo sin violencia,TEZONCO,segunda
2024-02-28,Robo a transeúnte en vía pública con violencia,TEZONCO,primera
2024-01-30,Robo de vehículo sin violencia,TEZONCO,primera
2024-01-17,Robo a pasajero a bordo de microbús con y sin violencia,TEZONCO,primera
2024-04-05,Robo a transeúnte en vía pública con violencia,TEZONCO,segunda
2024-02-12,Robo a transeúnte en vía pública con violencia,TEZONCO,primera
2024-06-05,Robo a transeúnte en vía pública con violencia,TEZONCO,segunda
2024-04-28,Robo a transeúnte en vía pública con violencia,TEZONCO,segunda
2024-06-10,Robo a transeúnte en vía pública con violencia,TEZONCO,segunda
2024-06-04,Robo de vehículo con violencia,TEZONCO,segunda
2024-05-30,Robo de vehículo sin violencia,TEZONCO,segunda
2024-02-05,Robo a transeúnte en vía pública con violencia,TEZONCO,primera
2024-03-01,Robo de vehículo sin violencia,TEZONCO,primera
2024-03-01,Robo a transeúnte en vía pública con violencia,TEZONCO,primera
2024-04-25,Robo a transeúnte en vía pública con violencia,TEZONCO,segunda
2024-03-28,Robo de vehículo sin violencia,TEZONCO,primera
2024-04-20,Robo de vehículo sin violencia,TEZONCO,segunda
2024-05-21,Robo a transeúnte en vía pública con violencia,TEZONCO,segunda
2024-03-06,Robo a transeúnte en vía pública con violencia,TEZONCO,primera
2024-05-29,Robo de vehículo sin violencia,TEZONCO,segunda
2024-05-18,Robo a transeúnte en vía pública con violencia,TEZONCO,segunda
2024-04-01,Robo a transeúnte en vía pública con violencia,TEZONCO,segunda
2024-02-23,Robo de vehículo sin violencia,TEZONCO,primera
2024-03-17,Homicidio doloso,TEZONCO,primera
2024-04-03,Robo a transeúnte en vía pública con violencia,TEZONCO,segunda
2024-06-23,Robo de vehículo sin violencia,TEZONCO,segunda
2024-01-26,Robo de vehículo sin violencia,TEZONCO,primera
2024-02-11,Robo a transeúnte en vía pública con violencia,TEZONCO,primera
2024-03-26,Robo de vehículo sin violencia,TEZONCO,primera
2024-02-21,Robo de vehículo sin violencia,TEZONCO,primera
2024-03-12,Robo de vehículo sin violencia,TEZONCO,primera
2024-01-15,Robo de vehículo sin violencia,TEZONCO,primera
2024-03-05,Robo a transeúnte en vía pública con violencia,TEZONCO,primera
2024-05-04,Robo a negocio con violencia,TEZONCO,segunda
2024-04-26,Homicidio doloso,TEZONCO,segunda
2024-05-25,Homicidio doloso,TEZONCO,segunda
2024-01-28,Homicidio doloso,TEZONCO,primera
2024-03-06,Lesiones dolosas por disparo de arma de fuego,TEZONCO,primera
2024-02-04,Lesiones dolosas por disparo de arma de fuego,TEZONCO,primera
2024-06-10,Robo de vehículo con violencia,TEZONCO,segunda
2024-03-19,Robo de vehículo sin violencia,TEZONCO,primera
2024-03-08,Robo de vehículo sin violencia,TEZONCO,primera
2024-06-27,Robo de vehículo sin violencia,TEZONCO,segunda
2024-06-21,Robo a transeúnte en vía pública con violencia,TEZONCO,segunda
2024-04-27,Robo a transeúnte en vía pública con violencia,TEZONCO,segunda
2024-04-27,Robo a transeúnte en vía pública con violencia,TEZONCO,segunda
2024-05-02,Robo de vehículo sin violencia,TEZONCO,segunda
2024-05-17,Robo a transeúnte en vía pública con violencia,TEZONCO,segunda
2024-05-15,Robo de vehículo con violencia,TEZONCO,segunda
2024-02-27,Robo de vehículo sin violencia,TEZONCO,primera
2024-04-26,Robo a transeúnte en vía pública con violencia,TEZONCO,segunda
2024-06-30,Robo a transeúnte en vía pública con violencia,TEZONCO,segunda
2024-01-28,Robo a transeúnte en vía pública con violencia,TEZONCO,primera
2024-02-29,Robo a transeúnte en vía pública con violencia,TEZONCO,primera
2024-05-31,Robo a transeúnte en vía pública con violencia,TEZONCO,segunda
2024-01-30,Robo a transeúnte en vía pública con violencia,TEZONCO,primera
2024-01-20,Robo de vehículo sin violencia,TEZONCO,primera
2024-03-24,Robo a transeúnte en vía pública con violencia,TEZONCO,primera
2024-04-07,Robo a transeúnte en vía pública con violencia,TEZONCO,segunda
2024-04-18,Robo de vehículo sin violencia,TEZONCO,segunda
2024-02-19,Robo de vehículo sin violencia,TEZONCO,primera
2024-06-07,Lesiones dolosas por disparo de arma de fuego,TEZONCO,segunda
2024-06-12,Lesiones dolosas por disparo de arma de fuego,TEZONCO,segunda
2024-06-08,Robo a transeúnte en vía pública con violencia,TEZONCO,segunda
2024-01-26,Robo a repartidor con y sin violencia,TEZONCO,primera
2024-04-29,Robo de vehículo sin violencia,TEZONCO,segunda
2024-02-19,Robo de vehículo con violencia,TEZONCO,primera
2024-02-16,Robo de vehículo sin violencia,TEZONCO,primera
2024-05-27,Robo a transeúnte en vía pública con violencia,TEZONCO,segunda
2024-04-23,Robo a transeúnte en vía pública con violencia,TEZONCO,segunda
2024-01-19,Robo a transeúnte en vía pública con violencia,TEZONCO,primera
2024-03-29,Robo de vehículo sin violencia,TEZONCO,primera
2024-01-25,Robo de vehículo sin violencia,TEZONCO,primera
2024-02-06,Robo de vehículo sin violencia,TEZONCO,primera
2024-05-02,Robo a transeúnte en vía pública con violencia,TEZONCO,segunda
2024-04-29,Robo de vehículo sin violencia,TEZONCO,segunda
2024-05-30,Robo a negocio con violencia,TEZONCO,segunda
2024-05-24,Homicidio doloso,TEZONCO,segunda
2024-06-06,Lesiones dolosas por disparo de arma de fuego,TEZONCO,segunda
2024-05-08,Homicidio doloso,TEZONCO,segunda
2024-01-03,Robo a negocio con violencia,TEZONCO,primera
2024-04-08,Homicidio doloso,TEZONCO,segunda
2024-04-05,Homicidio doloso,TEZONCO,segunda
2024-01-18,Robo a pasajero a bordo de microbús con y sin violencia,TEZONCO,primera
2024-01-13,Robo a transeúnte en vía pública con violencia,TEZONCO,primera
2024-03-07,Robo a transeúnte en vía pública con violencia,TEZONCO,primera
2024-04-27,Robo de vehículo sin violencia,TEZONCO,segunda
2024-06-23,Robo a repartidor con y sin violencia,TEZONCO,segunda
2024-05-01,Homicidio doloso,TEZONCO,segunda
2024-02-11,Lesiones dolosas por disparo de arma de fuego,TEZONCO,primera
2024-04-15,Lesiones dolosas por disparo de arma de fuego,TEZONCO,segunda
2024-04-30,Robo a repartidor con y sin violencia,TEZONCO,segunda
2024-02-07,Homicidio doloso,TEZONCO,primera
2024-04-09,Robo a transeúnte en vía pública con violencia,TEZONCO,segunda
2024-06-14,Robo a casa habitación con violencia,TEZONCO,segunda
2024-06-05,Robo de vehículo sin violencia,TEZONCO,segunda
2024-06-17,Robo a transeúnte en vía pública con violencia,TEZONCO,segunda
2024-04-28,Robo de vehículo con violencia,TEZONCO,segunda
2024-01-29,Robo a transeúnte en vía pública con violencia,TEZONCO,primera
2024-04-14,Robo a transeúnte en vía pública con violencia,TEZONCO,segunda
2024-02-19,Robo a transeúnte en vía pública con violencia,TEZONCO,primera
2024-03-17,Robo de vehículo con violencia,TEZONCO,primera
2024-01-29,Robo de vehículo con violencia,TEZONCO,primera
2024-01-21,Robo de vehículo sin violencia,TEZONCO,primera
2024-02-04,Robo de vehículo sin violencia,TEZONCO,primera
2024-02-01,Robo de vehículo con violencia,TEZONCO,primera
2024-02-05,Robo a transeúnte en vía pública con violencia,TEZONCO,primera
2024-02-06,Robo de vehículo sin violencia,TEZONCO,primera
2024-03-26,Robo de vehículo sin violencia,TEZONCO,primera
2024-04-10,Robo a transeúnte en vía pública con violencia,TEZONCO,segunda
2024-02-28,Robo de vehículo con violencia,TEZONCO,primera
2024-05-16,Robo a pasajero a bordo de microbús con y sin violencia,TEZONCO,segunda
2024-01-07,Robo a pasajero a bordo de microbús con y sin violencia,TEZONCO,primera
2024-04-11,Homicidio doloso,TEZONCO,segunda
2024-05-22,Robo a pasajero a bordo de microbús con y sin violencia,TEZONCO,segunda
2024-05-14,Robo de vehículo sin violencia,TEZONCO,segunda
2024-05-29,Robo a transeúnte en vía pública con violencia,TEZONCO,segunda
2024-01-29,Robo de vehículo sin violencia,TEZONCO,primera
2024-03-13,Robo de vehículo sin violencia,TEZONCO,primera
2024-03-07,Robo a transeúnte en vía pública con violencia,TEZONCO,primera
2024-04-30,Robo a transeúnte en vía pública con violencia,TEZONCO,segunda
2024-05-25,Robo de vehículo sin violencia,TEZONCO,segunda
2024-06-29,Robo a transeúnte en vía pública con violencia,TEZONCO,segunda
2024-03-26,Robo de vehículo con violencia,TEZONCO,primera
2024-03-19,Robo a transeúnte en vía pública con violencia,TEZONCO,primera
2024-04-25,Lesiones dolosas por disparo de arma de fuego,TEZONCO,segunda
2024-06-28,Robo a repartidor con y sin violencia,TEZONCO,segunda
2024-06-19,Robo de vehículo sin violencia,TEZONCO,segunda
2024-06-10,Robo a transeúnte en vía pública con violencia,TEZONCO,segunda
2024-05-17,Robo de vehículo sin violencia,TEZONCO,segunda
2024-06-29,Robo a transeúnte en vía pública con violencia,TEZONCO,segunda
2024-04-09,Robo de vehículo sin violencia,TEZONCO,segunda
2024-03-07,Robo de vehículo con violencia,TEZONCO,primera
2024-03-10,Robo a transeúnte en vía pública con violencia,TEZONCO,primera
2024-03-11,Robo a transeúnte en vía pública con violencia,TEZONCO,primera
2024-06-05,Robo de vehículo sin violencia,TEZONCO,segunda
2024-01-17,Robo a transeúnte en vía pública con violencia,TEZONCO,primera
2024-02-19,Robo a transeúnte en vía pública con violencia,TEZONCO,primera
2024-06-23,Robo de vehículo sin violencia,TEZONCO,segunda
2024-01-12,Robo de vehículo sin violencia,TEZONCO,primera
2024-03-22,Robo a transeúnte en vía pública con violencia,TEZONCO,primera
2024-04-10,Robo a transeúnte en vía pública con violencia,TEZONCO,segunda
2024-03-19,Robo a transeúnte en vía pública con violencia,TEZONCO,primera
2024-03-06,Homicidio doloso,TEZONCO,primera
2024-06-04,Robo de vehículo sin violencia,TEZONCO,segunda
2024-04-28,Robo a transeúnte en vía pública con violencia,TEZONCO,segunda
2024-03-31,Robo a transeúnte en vía pública con violencia,TEZONCO,primera
2024-01-24,Homicidio doloso,TEZONCO,primera
2024-06-25,Robo a negocio con violencia,TEZONCO,segunda
2024-01-14,Homicidio doloso,TEZONCO,primera
2024-03-01,Robo a transeúnte en vía pública con violencia,MILPA ALTA,primera
2024-02-07,Robo a transeúnte en vía pública con violencia,MILPA ALTA,primera
2024-06-20,Robo a transeúnte en vía pública con violencia,MILPA ALTA,segunda
2024-06-03,Lesiones dolosas por disparo de arma de fuego,MILPA ALTA,segunda
2024-05-17,Homicidio doloso,MILPA ALTA,segunda
2024-04-02,Homicidio doloso,MILPA ALTA,segunda
2024-01-08,Robo a casa habitación con violencia,MILPA ALTA,primera
2024-03-15,Homicidio doloso,MILPA ALTA,primera
2024-06-22,Robo a transeúnte en vía pública con violencia,MILPA ALTA,segunda
2024-04-04,Robo de vehículo sin violencia,MILPA ALTA,segunda
2024-04-04,Robo de vehículo sin violencia,MILPA ALTA,segunda
2024-03-23,Robo de vehículo con violencia,MILPA ALTA,primera
2024-04-13,Robo de vehículo sin violencia,MILPA ALTA,segunda
2024-04-05,Robo de vehículo sin violencia,MILPA ALTA,segunda
2024-04-12,Robo a transeúnte en vía pública con violencia,MILPA ALTA,segunda
2024-02-28,Robo a transeúnte en vía pública con violencia,MILPA ALTA,primera
2024-04-27,Robo a transeúnte en vía pública con violencia,MILPA ALTA,segunda
2024-05-07,Robo de vehículo con violencia,MILPA ALTA,segunda
2024-05-10,Robo de vehículo sin violencia,MILPA ALTA,segunda
2024-06-06,Robo de vehículo sin violencia,MILPA ALTA,segunda
2024-04-22,Robo de vehículo sin violencia,MILPA ALTA,segunda
2024-02-04,Robo a transeúnte en vía pública con violencia,MILPA ALTA,primera
2024-05-13,Homicidio doloso,MILPA ALTA,segunda
2024-05-16,Homicidio doloso,MILPA ALTA,segunda
2024-04-03,Robo a casa habitación con violencia,MILPA ALTA,segunda
2024-03-22,Robo de vehículo con violencia,MILPA ALTA,primera
2024-02-15,Robo a transeúnte en vía pública con violencia,MILPA ALTA,primera
2024-05-21,Robo de vehículo sin violencia,TECOMITL,segunda
2024-03-05,Robo de vehículo sin violencia,TECOMITL,primera
2024-04-05,Robo de vehículo con violencia,TECOMITL,segunda
2024-03-15,Robo de vehículo con violencia,TECOMITL,primera
2024-06-29,Robo a transeúnte en vía pública con violencia,TECOMITL,segunda
2024-01-25,Robo de vehículo sin violencia,TECOMITL,primera
2024-03-09,Homicidio doloso,TECOMITL,primera
2024-04-13,Robo de vehículo sin violencia,TECOMITL,segunda
2024-01-02,Robo de vehículo sin violencia,TECOMITL,primera
2024-06-22,Robo a transeúnte en vía pública con violencia,TECOMITL,segunda
2024-05-22,Robo de vehículo con violencia,TECOMITL,segunda
2024-04-17,Robo de vehículo con violencia,TECOMITL,segunda
2024-05-20,Robo de vehículo con violencia,TECOMITL,segunda
2024-06-29,Robo a transeúnte en vía pública con violencia,TECOMITL,segunda
2024-06-30,Robo de vehículo sin violencia,TECOMITL,segunda
2024-01-15,Robo de vehículo sin violencia,TECOMITL,primera
2024-06-30,Robo a transeúnte en vía pública con violencia,TECOMITL,segunda
2024-06-29,Robo de vehículo sin violencia,TECOMITL,segunda
2024-06-30,Robo a transeúnte en vía pública con violencia,TECOMITL,segunda
2024-03-24,Homicidio doloso,TECOMITL,primera
2024-04-19,Homicidio doloso,TECOMITL,segunda
2024-02-18,Robo de vehículo sin violencia,TECOMITL,primera
2024-04-01,Robo de vehículo sin violencia,MIXQUIC,segunda
2024-06-08,Robo de vehículo con violencia,MIXQUIC,segunda
2024-06-18,Robo de vehículo con violencia,MIXQUIC,segunda
2024-05-24,Robo de vehículo con violencia,MIXQUIC,segunda
2024-05-02,Robo de vehículo con violencia,MIXQUIC,segunda
2024-03-24,Robo de vehículo con violencia,MIXQUIC,primera
2024-03-09,Robo de vehículo con violencia,MIXQUIC,primera
2024-05-04,Robo a negocio con violencia,MIXQUIC,segunda
2024-06-18,Robo a negocio con violencia,MIXQUIC,segunda
2024-04-27,Robo a negocio con violencia,MIXQUIC,segunda
2024-01-11,Robo a repartidor con y sin violencia,MIXQUIC,primera
2024-04-05,Homicidio doloso,MIXQUIC,segunda
2024-06-03,Robo de vehículo sin violencia,MIXQUIC,segunda
2024-05-30,Robo a transeúnte en vía pública con violencia,MIXQUIC,segunda
2024-05-02,Robo de vehículo sin violencia,MIXQUIC,segunda
2024-04-24,Robo de vehículo con violencia,MIXQUIC,segunda
2024-01-19,Robo de vehículo con violencia,MIXQUIC,primera
2024-02-28,Robo de vehículo con violencia,MIXQUIC,primera
2024-03-15,Robo de vehículo sin violencia,MIXQUIC,primera
2024-06-29,Robo de vehículo sin violencia,SANTA CRUZ,segunda
2024-04-07,Robo a pasajero a bordo de microbús con y sin violencia,SANTA CRUZ,segunda
2024-04-10,Robo de vehículo con violencia,SANTA CRUZ,segunda
2024-05-09,Robo de vehículo sin violencia,MIXQUIC,segunda
2024-01-18,Robo de vehículo sin violencia,MIXQUIC,primera
2024-02-13,Robo a transeúnte en vía pública con violencia,MIXQUIC,primera
2024-03-07,Robo de vehículo sin violencia,MIXQUIC,primera
2024-05-04,Robo de vehículo con violencia,MIXQUIC,segunda
2024-05-28,Robo a negocio con violencia,MIXQUIC,segunda
2024-03-17,Robo de vehículo con violencia,MIXQUIC,primera
2024-06-21,Robo de vehículo sin violencia,MIXQUIC,segunda
2024-02-24,Robo a transeúnte en vía pública con violencia,MIXQUIC,primera
2024-02-12,Robo de vehículo sin violencia,MIXQUIC,primera
2024-01-19,Robo a transeúnte en vía pública con violencia,MIXQUIC,primera
2024-05-04,Homicidio doloso,MIXQUIC,segunda
2024-01-16,Homicidio doloso,MIXQUIC,primera
2024-03-03,Robo a casa habitación con violencia,MIXQUIC,primera
2024-01-14,Robo de vehículo con violencia,MIXQUIC,primera
2024-01-06,Robo de vehículo con violencia,MIXQUIC,primera
2024-02-19,Robo de vehículo con violencia,MIXQUIC,primera
2024-03-11,Robo de vehículo con violencia,MIXQUIC,primera
2024-04-26,Robo a pasajero a bordo de microbús con y sin violencia,MIXQUIC,segunda
2024-05-08,Robo de vehículo sin violencia,MIXQUIC,segunda
2024-02-25,Robo de vehículo sin violencia,MIXQUIC,primera
2024-04-05,Homicidio doloso,MIXQUIC,segunda
2024-02-20,Robo a pasajero a bordo de microbús con y sin violencia,MIXQUIC,primera
2024-04-20,Robo a negocio con violencia,MIXQUIC,segunda
2024-03-21,Robo de vehículo sin violencia,MIXQUIC,primera
2024-04-06,Robo de vehículo sin violencia,MIXQUIC,segunda
2024-03-28,Robo de vehículo sin violencia,MIXQUIC,primera
2024-05-10,Robo de vehículo sin violencia,MIXQUIC,segunda
2024-06-01,Robo de vehículo sin violencia,MIXQUIC,segunda
2024-01-08,Homicidio doloso,MIXQUIC,primera
2024-04-09,Robo a negocio con violencia,MIXQUIC,segunda
2024-03-04,Robo de vehículo sin violencia,MIXQUIC,primera
2024-06-17,Robo a transeúnte en vía pública con violencia,MIXQUIC,segunda
2024-01-26,Robo de vehículo sin violencia,MIXQUIC,primera
2024-05-23,Robo de vehículo sin violencia,MIXQUIC,segunda
2024-01-28,Robo a negocio con violencia,MIXQUIC,primera
2024-05-28,Robo a negocio con violencia,MIXQUIC,segunda
2024-04-22,Robo de vehículo sin violencia,MIXQUIC,segunda
2024-02-08,Robo de vehículo sin violencia,MIXQUIC,primera
2024-04-19,Robo de vehículo sin violencia,MIXQUIC,segunda
2024-04-11,Robo de vehículo sin violencia,MIXQUIC,segunda
2024-06-30,Robo a transeúnte en vía pública con violencia,MIXQUIC,segunda
2024-05-31,Robo a transeúnte en vía pública con violencia,MIXQUIC,segunda
2024-06-23,Robo a transeúnte en vía pública con violencia,MIXQUIC,segunda
2024-05-01,Robo a transeúnte en vía pública con violencia,MIXQUIC,segunda
2024-06-30,Robo a transeúnte en vía pública con violencia,MIXQUIC,segunda
2024-01-26,Robo a transeúnte en vía pública con violencia,MIXQUIC,primera
2024-02-03,Robo de vehículo sin violencia,MIXQUIC,primera
2024-04-05,Robo de vehículo con violencia,MIXQUIC,segunda
2024-04-27,Robo a transeúnte en vía pública con violencia,MIXQUIC,segunda
2024-03-04,Robo de vehículo sin violencia,MIXQUIC,primera
2024-03-16,Lesiones dolosas por disparo de arma de fuego,MIXQUIC,primera
2024-06-02,Robo a transeúnte en vía pública con violencia,MIXQUIC,segunda
2024-06-25,Robo de vehículo con violencia,MIXQUIC,segunda
2024-06-11,Robo de vehículo sin violencia,MIXQUIC,segunda
2024-05-15,Robo de vehículo sin violencia,MIXQUIC,segunda
2024-06-27,Robo de vehículo con violencia,MIXQUIC,segunda
2024-06-30,Robo a transeúnte en vía pública con violencia,MIXQUIC,segunda
2024-01-24,Robo de vehículo sin violencia,MIXQUIC,primera
2024-01-21,Robo de vehículo sin violencia,MIXQUIC,primera
2024-02-11,Robo de vehículo sin violencia,MIXQUIC,primera
2024-06-29,Robo a transeúnte en vía pública con violencia,MIXQUIC,segunda
2024-01-21,Robo de vehículo con violencia,MIXQUIC,primera
2024-03-28,Robo de vehículo sin violencia,TEOTONGO,primera
2024-05-08,Robo de vehículo con violencia,MIXQUIC,segunda
2024-02-14,Robo de vehículo con violencia,MIXQUIC,primera
2024-01-25,Robo a transeúnte en vía pública con violencia,MIXQUIC,primera
2024-03-19,Homicidio doloso,MIXQUIC,primera
2024-02-28,Robo de vehículo sin violencia,MIXQUIC,primera
2024-01-28,Robo de vehículo sin violencia,MIXQUIC,primera
2024-01-31,Homicidio doloso,MIXQUIC,primera
2024-02-10,Robo a negocio con violencia,MIXQUIC,primera
2024-05-26,Robo de vehículo sin violencia,ZAPOTITLA,segunda
2024-06-20,Robo de vehículo con violencia,ZAPOTITLA,segunda
2024-06-30,Robo a transeúnte en vía pública con violencia,ZAPOTITLA,segunda
2024-03-26,Robo de vehículo con violencia,ZAPOTITLA,primera
2024-02-23,Robo de vehículo sin violencia,ZAPOTITLA,primera
2024-05-06,Robo a pasajero a bordo de microbús con y sin violencia,MIXQUIC,segunda
2024-04-17,Homicidio doloso,MIXQUIC,segunda
2024-01-04,Robo a negocio con violencia,MIXQUIC,primera
2024-03-01,Robo a negocio con violencia,MIXQUIC,primera
2024-02-01,Robo a negocio con violencia,MIXQUIC,primera
2024-02-01,Robo a negocio con violencia,MIXQUIC,primera
2024-01-03,Robo a transeúnte en vía pública con violencia,MIXQUIC,primera
2024-06-05,Robo de vehículo sin violencia,ZAPOTITLA,segunda
2024-05-26,Robo a transeúnte en vía pública con violencia,ZAPOTITLA,segunda
2024-05-27,Robo a transeúnte en vía pública con violencia,ZAPOTITLA,segunda
2024-05-03,Robo a transeúnte en vía pública con violencia,ZAPOTITLA,segunda
2024-05-15,Robo a transeúnte en vía pública con violencia,ZAPOTITLA,segunda
2024-01-09,Robo a transeúnte en vía pública con violencia,ZAPOTITLA,primera
2024-04-08,Robo de vehículo sin violencia,ZAPOTITLA,segunda
2024-04-08,Robo de vehículo sin violencia,ZAPOTITLA,segunda
2024-03-17,Robo de vehículo sin violencia,ZAPOTITLA,primera
2024-06-16,Robo a transeúnte en vía pública con violencia,MIXQUIC,segunda
2024-05-03,Robo a negocio con violencia,ZAPOTITLA,segunda
2024-01-10,Robo de vehículo con violencia,ZAPOTITLA,primera
2024-01-23,Robo a transeúnte en vía pública con violencia,ZAPOTITLA,primera
2024-06-17,Homicidio doloso,MIXQUIC,segunda
2024-04-28,Robo a negocio con violencia,MIXQUIC,segunda
2024-02-20,Homicidio doloso,MIXQUIC,primera
2024-03-12,Robo de vehículo sin violencia,ZAPOTITLA,primera
2024-05-27,Robo de vehículo sin violencia,MIXQUIC,segunda
2024-06-16,Robo a transeúnte en vía pública con violencia,MIXQUIC,segunda
2024-03-05,Robo de vehículo con violencia,MIXQUIC,primera
2024-03-09,Robo de vehículo con violencia,MIXQUIC,primera
2024-04-17,Robo de vehículo sin violencia,ZAPOTITLA,segunda
2024-03-13,Robo de vehículo sin violencia,ZAPOTITLA,primera
2024-05-29,Robo de vehículo sin violencia,ZAPOTITLA,segunda
2024-06-29,Robo de vehículo sin violencia,ZAPOTITLA,segunda
2024-05-23,Robo a pasajero a bordo de microbús con y sin violencia,MIXQUIC,segunda
2024-03-11,Robo a pasajero a bordo de microbús con y sin violencia,MIXQUIC,primera
2024-01-24,Robo de vehículo sin violencia,MIXQUIC,primera
2024-03-13,Robo a transeúnte en vía pública con violencia,ZAPOTITLA,primera
2024-01-09,Robo de vehículo con violencia,TEOTONGO,primera
2024-01-15,Robo a transeúnte en vía pública con violencia,TEOTONGO,primera
2024-06-21,Robo a negocio con violencia,TEOTONGO,segunda
2024-01-09,Robo a negocio con violencia,TEOTONGO,primera
2024-04-08,Robo a negocio con violencia,MIXQUIC,segunda
2024-05-01,Robo de vehículo sin violencia,MIXQUIC,segunda
2024-06-17,Robo a transeúnte en vía pública con violencia,MIXQUIC,segunda
2024-04-25,Robo a negocio con violencia,MIXQUIC,segunda
2024-01-26,Robo a transeúnte en vía pública con violencia,MIXQUIC,primera
2024-02-09,Robo de vehículo con violencia,MIXQUIC,primera
2024-04-05,Robo de vehículo con violencia,MIXQUIC,segunda
2024-05-19,Lesiones dolosas por disparo de arma de fuego,MIXQUIC,segunda
2024-02-09,Homicidio doloso,MIXQUIC,primera
2024-04-02,Robo a repartidor con y sin violencia,MIXQUIC,segunda
2024-03-19,Lesiones dolosas por disparo de arma de fuego,MIXQUIC,primera
2024-04-10,Robo a negocio con violencia,ZAPOTITLA,segunda
2024-06-10,Robo de vehículo con violencia,ZAPOTITLA,segunda
2024-04-28,Robo de vehículo sin violencia,ZAPOTITLA,segunda
2024-03-12,Lesiones dolosas por disparo de arma de fuego,ZAPOTITLA,primera
2024-06-02,Robo de vehículo sin violencia,ZAPOTITLA,segunda
2024-06-17,Robo a transeúnte en vía pública con violencia,ZAPOTITLA,segunda
2024-03-23,Robo a transeúnte en vía pública con violencia,ZAPOTITLA,primera
2024-04-28,Robo a transeúnte en vía pública con violencia,ZAPOTITLA,segunda
2024-04-30,Robo de vehículo sin violencia,ZAPOTITLA,segunda
2024-01-10,Robo de vehículo sin violencia,ZAPOTITLA,primera
2024-01-31,Robo de vehículo sin violencia,ZAPOTITLA,primera
2024-06-06,Robo de vehículo sin violencia,ZAPOTITLA,segunda
2024-04-29,Robo a transeúnte en vía pública con violencia,ZAPOTITLA,segunda
2024-04-21,Robo de vehículo sin violencia,ZAPOTITLA,segunda
2024-04-22,Robo de vehículo sin violencia,ZAPOTITLA,segunda
2024-03-26,Robo de vehículo sin violencia,ZAPOTITLA,primera
2024-03-26,Robo de vehículo sin violencia,ZAPOTITLA,primera
2024-04-30,Robo a negocio con violencia,ZAPOTITLA,segunda
2024-04-09,Robo a transeúnte en vía pública con violencia,ZAPOTITLA,segunda
2024-06-15,Lesiones dolosas por disparo de arma de fuego,ZAPOTITLA,segunda
2024-02-01,Robo a negocio con violencia,ZAPOTITLA,primera
2024-01-18,Robo a pasajero a bordo de microbús con y sin violencia,ZAPOTITLA,primera
2024-06-29,Homicidio doloso,ZAPOTITLA,segunda
2024-02-16,Homicidio doloso,ZAPOTITLA,primera
2024-02-01,Robo a negocio con violencia,ZAPOTITLA,primera
2024-04-20,Robo a transeúnte en vía pública con violencia,ZAPOTITLA,segunda
2024-03-14,Robo de vehículo con violencia,ZAPOTITLA,primera
2024-05-22,Robo a transeúnte en vía pública con violencia,ZAPOTITLA,segunda
2024-02-12,Robo a transeúnte en vía pública con violencia,ZAPOTITLA,primera
2024-06-24,Robo a transeúnte en vía pública con violencia,ZAPOTITLA,segunda
2024-06-11,Robo de vehículo sin violencia,ZAPOTITLA,segunda
2024-05-18,Robo de vehículo sin violencia,ZAPOTITLA,segunda
2024-05-10,Robo de vehículo sin violencia,ZAPOTITLA,segunda
2024-02-05,Robo a transeúnte en vía pública con violencia,ZAPOTITLA,primera
2024-03-07,Robo de vehículo con violencia,ZAPOTITLA,primera
2024-05-02,Robo a negocio con violencia,ZAPOTITLA,segunda
2024-02-12,Homicidio doloso,ZAPOTITLA,primera
2024-01-21,Robo a negocio con violencia,ZAPOTITLA,primera
2024-01-30,Robo a pasajero a bordo de microbús con y sin violencia,ZAPOTITLA,primera
2024-06-10,Robo a pasajero a bordo de microbús con y sin violencia,ZAPOTITLA,segunda
2024-04-26,Robo a transeúnte en vía pública con violencia,ZAPOTITLA,segunda
2024-02-07,Robo a transeúnte en vía pública con violencia,ZAPOTITLA,primera
2024-03-26,Robo a transeúnte en vía pública con violencia,ZAPOTITLA,primera
2024-04-27,Robo de vehículo con violencia,ZAPOTITLA,segunda
2024-03-31,Robo de vehículo sin violencia,ZAPOTITLA,primera
2024-05-09,Robo de vehículo sin violencia,ZAPOTITLA,segunda
2024-03-23,Robo de vehículo sin violencia,ZAPOTITLA,primera
2024-02-03,Robo de vehículo con violencia,ZAPOTITLA,primera
2024-05-31,Robo de vehículo sin violencia,ZAPOTITLA,segunda
2024-06-18,Robo a negocio con violencia,ZAPOTITLA,segunda
2024-06-30,Robo a pasajero a bordo de microbús con y sin violencia,ZAPOTITLA,segunda
2024-06-04,Robo de vehículo sin violencia,ZAPOTITLA,segunda
2024-02-01,Robo a negocio con violencia,ZAPOTITLA,primera
2024-03-12,Robo a negocio con violencia,ZAPOTITLA,primera
2024-05-06,Homicidio doloso,ZAPOTITLA,segunda
2024-05-15,Robo de vehículo sin violencia,ZAPOTITLA,segunda
2024-01-23,Robo a transeúnte en vía pública con violencia,ZAPOTITLA,primera
2024-02-03,Robo de vehículo sin violencia,ZAPOTITLA,primera
2024-04-02,Robo de vehículo sin violencia,ZAPOTITLA,segunda
2024-03-04,Robo a transeúnte en vía pública con violencia,ZAPOTITLA,primera
2024-02-18,Robo de vehículo sin violencia,ZAPOTITLA,primera
2024-06-17,Robo a transeúnte en vía pública con violencia,ZAPOTITLA,segunda
2024-01-13,Robo a transeúnte en vía pública con violencia,ZAPOTITLA,primera
2024-01-03,Robo a transeúnte en vía pública con violencia,ZAPOTITLA,primera
2024-04-12,Robo de vehículo sin violencia,ZAPOTITLA,segunda
2024-03-21,Robo de vehículo sin violencia,ZAPOTITLA,primera
2024-05-16,Robo de vehículo con violencia,ZAPOTITLA,segunda
2024-06-02,Robo de vehículo sin violencia,ZAPOTITLA,segunda
2024-01-29,Robo a negocio con violencia,ZAPOTITLA,primera
2024-02-01,Robo a negocio con violencia,ZAPOTITLA,primera
2024-03-07,Robo a pasajero a bordo de microbús con y sin violencia,ZAPOTITLA,primera
2024-05-23,Robo a negocio con violencia,ZAPOTITLA,segunda
2024-05-15,Robo a negocio con violencia,ZAPOTITLA,segunda
2024-02-25,Robo de vehículo con violencia,ZAPOTITLA,primera
2024-06-15,Robo de vehículo sin violencia,ZAPOTITLA,segunda
2024-06-29,Robo de vehículo con violencia,ZAPOTITLA,segunda
2024-02-28,Robo de vehículo sin violencia,ZAPOTITLA,primera
2024-02-24,Robo de vehículo sin violencia,ZAPOTITLA,primera
2024-03-15,Robo de vehículo con violencia,ZAPOTITLA,primera
2024-06-26,Robo a negocio con violencia,ZAPOTITLA,segunda
2024-02-14,Robo a repartidor con y sin violencia,ZAPOTITLA,primera
2024-03-09,Homicidio doloso,ZAPOTITLA,primera
2024-03-04,Robo de vehículo sin violencia,LA NORIA,primera
2024-06-03,Robo a negocio con violencia,ZAPOTITLA,segunda
2024-05-17,Robo a repartidor con y sin violencia,ZAPOTITLA,segunda
2024-06-06,Robo de vehículo sin violencia,ZAPOTITLA,segunda
2024-06-29,Robo de vehículo sin violencia,ZAPOTITLA,segunda
2024-02-04,Robo de vehículo sin violencia,ZAPOTITLA,primera
2024-06-21,Robo de vehículo sin violencia,ZAPOTITLA,segunda
2024-05-26,Robo a transeúnte en vía pública con violencia,ZAPOTITLA,segunda
2024-04-29,Robo de vehículo sin violencia,ZAPOTITLA,segunda
2024-04-22,Robo de vehículo sin violencia,ZAPOTITLA,segunda
2024-02-12,Robo de vehículo sin violencia,ZAPOTITLA,primera
2024-02-01,Robo de vehículo sin violencia,ZAPOTITLA,primera
2024-02-29,Robo a transeúnte en vía pública con violencia,ZAPOTITLA,primera
2024-03-12,Robo a transeúnte en vía pública con violencia,ZAPOTITLA,primera
2024-04-04,Robo a casa habitación con violencia,ZAPOTITLA,segunda
2024-04-30,Homicidio doloso,ZAPOTITLA,segunda
2024-06-11,Robo a transeúnte en vía pública con violencia,LA NORIA,segunda
2024-05-27,Robo de vehículo sin violencia,ZAPOTITLA,segunda
2024-06-05,Robo de vehículo con violencia,ZAPOTITLA,segunda
2024-06-10,Robo de vehículo sin violencia,ZAPOTITLA,segunda
2024-05-14,Robo a transeúnte en vía pública con violencia,ZAPOTITLA,segunda
2024-06-28,Robo de vehículo sin violencia,ZAPOTITLA,segunda
2024-06-28,Robo a transeúnte en vía pública con violencia,ZAPOTITLA,segunda
2024-01-31,Robo de vehículo sin violencia,ZAPOTITLA,primera
2024-01-19,Robo de vehículo sin violencia,ZAPOTITLA,primera
2024-01-17,Robo de vehículo sin violencia,ZAPOTITLA,primera
2024-01-17,Robo de vehículo sin violencia,ZAPOTITLA,primera
2024-02-08,Robo de vehículo sin violencia,ZAPOTITLA,primera
2024-01-06,Robo de vehículo sin violencia,ZAPOTITLA,primera
2024-03-25,Robo de vehículo sin violencia,ZAPOTITLA,primera
2024-02-22,Robo a transeúnte en vía pública con violencia,ZAPOTITLA,primera
2024-06-02,Robo a negocio con violencia,ZAPOTITLA,segunda
2024-05-02,Robo a pasajero a bordo de microbús con y sin violencia,ZAPOTITLA,segunda
2024-04-11,Robo a negocio con violencia,ZAPOTITLA,segunda
2024-05-09,Robo de vehículo sin violencia,ZAPOTITLA,segunda
2024-05-12,Robo a pasajero a bordo de microbús con y sin violencia,ZAPOTITLA,segunda
2024-04-01,Robo a negocio con violencia,ZAPOTITLA,segunda
2024-05-30,Robo a transeúnte en vía pública con violencia,LA NORIA,segunda
2024-06-24,Robo de vehículo sin violencia,LA NORIA,segunda
2024-03-31,Robo de vehículo con violencia,LA NORIA,primera
2024-04-14,Robo de vehículo sin violencia,LA NORIA,segunda
2024-05-23,Robo a transeúnte en vía pública con violencia,LA NORIA,segunda
2024-04-05,Robo a transeúnte en vía pública con violencia,LA NORIA,segunda
2024-01-10,Lesiones dolosas por disparo de arma de fuego,LA NORIA,primera
2024-04-01,Homicidio doloso,LA NORIA,segunda
2024-04-11,Robo de vehículo con violencia,LA NORIA,segunda
2024-01-09,Robo de vehículo sin violencia,LA NORIA,primera
2024-04-26,Robo de vehículo con violencia,LA NORIA,segunda
2024-02-10,Robo de vehículo con violencia,LA NORIA,primera
2024-01-22,Robo a transeúnte en vía pública con violencia,LA NORIA,primera
2024-06-05,Robo de vehículo sin violencia,LA NORIA,segunda
2024-05-06,Robo de vehículo sin violencia,LA NORIA,segunda
2024-05-22,Robo de vehículo sin violencia,LA NORIA,segunda
2024-03-31,Robo a transeúnte en vía pública con violencia,LA NORIA,primera
2024-05-30,Robo a transeúnte en vía pública con violencia,LA NORIA,segunda
2024-06-25,Robo a negocio con violencia,LA NORIA,segunda
2024-06-29,Homicidio doloso,LA NORIA,segunda
2024-01-25,Robo a casa habitación con violencia,LA NORIA,primera
2024-06-25,Robo de vehículo sin violencia,LA NORIA,segunda
2024-04-09,Homicidio doloso,LA NORIA,segunda
2024-02-05,Robo de vehículo sin violencia,LA NORIA,primera
2024-04-14,Robo de vehículo con violencia,LA NORIA,segunda
2024-02-27,Robo de vehículo sin violencia,LA NORIA,primera
2024-06-05,Robo de vehículo sin violencia,LA NORIA,segunda
2024-02-08,Robo a transeúnte en vía pública con violencia,LA NORIA,primera
2024-06-23,Robo de vehículo sin violencia,LA NORIA,segunda
2024-03-07,Homicidio doloso,LA NORIA,primera
2024-01-23,Robo de vehículo sin violencia,LA NORIA,primera
2024-06-13,Robo de vehículo sin violencia,LA NORIA,segunda
2024-05-23,Robo de vehículo con violencia,LA NORIA,segunda
2024-03-14,Robo de vehículo con violencia,LA NORIA,primera
2024-06-26,Robo de vehículo sin violencia,LA NORIA,segunda
2024-06-02,Robo de vehículo sin violencia,LA NORIA,segunda
2024-06-23,Robo de vehículo sin violencia,LA NORIA,segunda
2024-03-21,Robo de vehículo sin violencia,LA NORIA,primera
2024-05-17,Robo de vehículo sin violencia,LA NORIA,segunda
2024-01-27,Robo a transeúnte en vía pública con violencia,LA NORIA,primera
2024-01-05,Robo de vehículo sin violencia,LA NORIA,primera
2024-03-14,Robo a transeúnte en vía pública con violencia,LA NORIA,primera
2024-01-27,Robo de vehículo con violencia,LA NORIA,primera
2024-01-04,Robo a repartidor con y sin violencia,LA NORIA,primera
2024-05-03,Robo a casa habitación con violencia,LA NORIA,segunda
2024-03-22,Robo a negocio con violencia,LA NORIA,primera
2024-03-01,Homicidio doloso,LA NORIA,primera
2024-06-10,Robo de vehículo sin violencia,LA NORIA,segunda
2024-03-04,Robo de vehículo con violencia,LA NORIA,primera
2024-04-03,Robo de vehículo sin violencia,LA NORIA,segunda
2024-03-24,Robo de vehículo sin violencia,LA NORIA,primera
2024-03-20,Robo a transeúnte en vía pública con violencia,LA NORIA,primera
2024-03-30,Robo de vehículo con violencia,LA NORIA,primera
2024-04-20,Robo de vehículo sin violencia,LA NORIA,segunda
2024-03-04,Robo a transeúnte en vía pública con violencia,LA NORIA,primera
2024-04-27,Robo a transeúnte en vía pública con violencia,LA NORIA,segunda
2024-04-11,Robo de vehículo sin violencia,LA NORIA,segunda
2024-02-20,Robo a transeúnte en vía pública con violencia,LA NORIA,primera
2024-02-08,Robo de vehículo sin violencia,LA NORIA,primera
2024-01-17,Robo a transeúnte en vía pública con violencia,LA NORIA,primera
2024-03-28,Robo de vehículo sin violencia,LA NORIA,primera
2024-05-26,Homicidio doloso,LA NORIA,segunda
2024-03-12,Robo a casa habitación con violencia,LA NORIA,primera
2024-05-14,Robo de vehículo sin violencia,LA NORIA,segunda
2024-04-29,Robo de vehículo sin violencia,LA NORIA,segunda
2024-01-07,Robo a transeúnte en vía pública con violencia,LA NORIA,primera
2024-01-13,Robo de vehículo con violencia,LA NORIA,primera
2024-05-13,Robo a negocio con violencia,LA NORIA,segunda
2024-05-23,Homicidio doloso,LA NORIA,segunda
2024-01-19,Homicidio doloso,LA NORIA,primera
2024-06-05,Robo a transeúnte en vía pública con violencia,LA NORIA,segunda
2024-04-03,Robo de vehículo sin violencia,LA NORIA,segunda
2024-02-17,Robo de vehículo con violencia,LA NORIA,primera
2024-01-10,Robo de vehículo sin violencia,LA NORIA,primera
2024-01-16,Robo a repartidor con y sin violencia,LA NORIA,primera
2024-01-14,Homicidio doloso,LA NORIA,primera
2024-04-08,Homicidio doloso,LA NORIA,segunda
2024-04-05,Robo a cuentahabiente saliendo del cajero con violencia,LA NORIA,segunda
2024-02-11,Robo de vehículo con violencia,LA NORIA,primera
2024-04-23,Robo a repartidor con y sin violencia,LA NORIA,segunda
2024-02-19,Robo a casa habitación con violencia,LA NORIA,primera
2024-02-11,Robo de vehículo con violencia,LA NORIA,primera
2024-02-09,Robo de vehículo con violencia,LA NORIA,primera
2024-03-29,Robo de vehículo con violencia,LA NORIA,primera
2024-04-14,Robo de vehículo con violencia,LA NORIA,segunda
2024-05-23,Robo de vehículo con violencia,LA NORIA,segunda
2024-03-28,Robo de vehículo sin violencia,LA NORIA,primera
2024-04-08,Robo a transeúnte en vía pública con violencia,LA NORIA,segunda
2024-03-07,Robo de vehículo con violencia,LA NORIA,primera
2024-06-18,Robo de vehículo con violencia,LA NORIA,segunda
2024-06-05,Robo a transeúnte en vía pública con violencia,LA NORIA,segunda
2024-06-23,Robo de vehículo con violencia,LA NORIA,segunda
2024-06-25,Robo de vehículo sin violencia,LA NORIA,segunda
2024-04-24,Robo de vehículo sin violencia,LA NORIA,segunda
2024-02-02,Robo de vehículo sin violencia,LA NORIA,primera
2024-04-05,Robo de vehículo sin violencia,LA NORIA,segunda
2024-03-28,Robo a negocio con violencia,MIXQUIC,primera
2024-06-30,Robo a transeúnte en vía pública con violencia,MIXQUIC,segunda
2024-05-31,Homicidio doloso,MIXQUIC,segunda
2024-01-13,Homicidio doloso,LA NORIA,primera
2024-03-07,Robo a repartidor con y sin violencia,LA NORIA,primera
2024-02-09,Homicidio doloso,LA NORIA,primera
2024-03-12,Robo a negocio con violencia,LA NORIA,primera
2024-03-01,Robo a cuentahabiente saliendo del cajero con violencia,LA NORIA,primera
2024-02-21,Robo a negocio con violencia,LA NORIA,primera
2024-05-23,Robo a negocio con violencia,LA NORIA,segunda
2024-01-21,Robo a negocio con violencia,LA NORIA,primera
2024-02-19,Robo de vehículo sin violencia,LA NORIA,primera
2024-03-09,Robo de vehículo sin violencia,LA NORIA,primera
2024-01-21,Robo a transeúnte en vía pública con violencia,TEPEPAN,primera
2024-05-26,Robo de vehículo con violencia,TEPEPAN,segunda
2024-06-28,Robo de vehículo con violencia,TEPEPAN,segunda
2024-02-12,Robo de vehículo sin violencia,TEPEPAN,primera
2024-02-10,Robo de vehículo con violencia,TEPEPAN,primera
2024-01-12,Robo a transeúnte en vía pública con violencia,TEPEPAN,primera
2024-03-23,Lesiones dolosas por disparo de arma de fuego,TEPEPAN,primera
2024-02-29,Homicidio doloso,TEPEPAN,primera
2024-03-08,Robo de vehículo sin violencia,TEPEPAN,primera
2024-05-24,Robo de vehículo sin violencia,TEPEPAN,segunda
2024-02-28,Robo de vehículo con violencia,TEPEPAN,primera
2024-06-24,Robo de vehículo sin violencia,TEPEPAN,segunda
2024-06-05,Robo de vehículo sin violencia,TEPEPAN,segunda
2024-02-25,Robo a transeúnte en vía pública con violencia,TEPEPAN,primera
2024-03-02,Robo a transeúnte en vía pública con violencia,TEPEPAN,primera
2024-04-02,Robo de vehículo sin violencia,TEPEPAN,segunda
2024-03-19,Homicidio doloso,TEPEPAN,primera
2024-01-04,Robo a pasajero a bordo de microbús con y sin violencia,TEPEPAN,primera
2024-04-27,Homicidio doloso,TEPEPAN,segunda
2024-04-25,Homicidio doloso,TEPEPAN,segunda
2024-03-08,Homicidio doloso,TEPEPAN,primera
2024-05-21,Homicidio doloso,TEPEPAN,segunda
2024-05-27,Robo a transeúnte en vía pública con violencia,TEPEPAN,segunda
2024-02-03,Robo de vehículo con violencia,TEPEPAN,primera
2024-06-10,Robo de vehículo sin violencia,TEPEPAN,segunda
2024-02-03,Robo de vehículo con violencia,TEPEPAN,primera
2024-01-16,Robo de vehículo con violencia,TEPEPAN,primera
2024-03-05,Robo de vehículo sin violencia,TEPEPAN,primera
2024-01-06,Robo a repartidor con y sin violencia,TEPEPAN,primera
2024-06-20,Robo de vehículo sin violencia,TEPEPAN,segunda
2024-02-27,Robo a transeúnte en vía pública con violencia,TEPEPAN,primera
2024-02-22,Robo a negocio con violencia,TEPEPAN,primera
2024-05-04,Robo de vehículo sin violencia,TEPEPAN,segunda
2024-01-04,Robo a transeúnte en vía pública con violencia,TEPEPAN,primera
2024-02-27,Secuestro,TEPEPAN,primera
2024-01-22,Robo a repartidor con y sin violencia,TEPEPAN,primera
2024-03-02,Robo a negocio con violencia,TEPEPAN,primera
2024-02-22,Robo a repartidor con y sin violencia,TEPEPAN,primera
2024-03-29,Robo a negocio con violencia,TEPEPAN,primera
2024-03-11,Homicidio doloso,TEPEPAN,primera
2024-03-12,Robo a repartidor con y sin violencia,TEPEPAN,primera
2024-03-31,Robo a transeúnte en vía pública con violencia,MIXQUIC,primera
2024-05-06,Robo a transeúnte en vía pública con violencia,MIXQUIC,segunda
2024-05-21,Robo de vehículo sin violencia,MIXQUIC,segunda
2024-03-13,Robo a transeúnte en vía pública con violencia,TEPEPAN,primera
2024-01-22,Homicidio doloso,TEPEPAN,primera
2024-03-15,Robo de vehículo sin violencia,TEPEPAN,primera
2024-03-08,Robo de vehículo sin violencia,TEPEPAN,primera
2024-04-26,Robo a transeúnte en vía pública con violencia,ZAPOTITLA,segunda
2024-05-14,Robo de vehículo sin violencia,ZAPOTITLA,segunda
2024-01-25,Robo a transeúnte en vía pública con violencia,ZAPOTITLA,primera
2024-01-01,Robo a transeúnte en vía pública con violencia,ZAPOTITLA,primera
2024-03-29,Robo de vehículo con violencia,ZAPOTITLA,primera
2024-04-07,Robo de vehículo sin violencia,ZAPOTITLA,segunda
2024-04-01,Robo a transeúnte en vía pública con violencia,MIXQUIC,segunda
2024-03-26,Robo de vehículo sin violencia,MIXQUIC,primera
2024-05-16,Robo a transeúnte en vía pública con violencia,TEPEPAN,segunda
2024-06-14,Robo a casa habitación con violencia,LA NORIA,segunda
2024-04-05,Robo a transeúnte en vía pública con violencia,TEPEPAN,segunda
2024-05-06,Robo a transeúnte en vía pública con violencia,TEPEPAN,segunda
2024-02-01,Robo a transeúnte en vía pública con violencia,TEPEPAN,primera
2024-01-22,Robo de vehículo sin violencia,TEPEPAN,primera
2024-05-08,Robo de vehículo sin violencia,TEPEPAN,segunda
2024-06-19,Robo de vehículo sin violencia,TEPEPAN,segunda
2024-04-11,Robo a transeúnte en vía pública con violencia,TEPEPAN,segunda
2024-04-05,Robo a repartidor con y sin violencia,TEPEPAN,segunda
2024-01-16,Robo a repartidor con y sin violencia,TEPEPAN,primera
2024-02-06,Robo a negocio con violencia,TEPEPAN,primera
2024-04-08,Robo de vehículo sin violencia,TEPEPAN,segunda
2024-04-11,Robo de vehículo con violencia,TEPEPAN,segunda
2024-06-10,Robo de vehículo con violencia,TEPEPAN,segunda
2024-04-23,Robo de vehículo sin violencia,TEPEPAN,segunda
2024-06-30,Robo de vehículo sin violencia,TEPEPAN,segunda
2024-02-16,Homicidio doloso,TEPEPAN,primera
2024-03-27,Robo a transeúnte en vía pública con violencia,TEPEPAN,primera
2024-06-09,Robo a transeúnte en vía pública con violencia,TEPEPAN,segunda
2024-05-07,Robo a transeúnte en vía pública con violencia,TEPEPAN,segunda
2024-02-01,Robo a transeúnte en vía pública con violencia,TEPEPAN,primera
2024-03-11,Robo a transeúnte en vía pública con violencia,TEPEPAN,primera
2024-05-06,Robo a repartidor con y sin violencia,TEPEPAN,segunda
2024-02-22,Robo a repartidor con y sin violencia,TEPEPAN,primera
2024-01-11,Robo a pasajero a bordo de microbús con y sin violencia,TEPEPAN,primera
2024-02-26,Robo a transeúnte en vía pública con violencia,TEPEPAN,primera
2024-02-10,Robo de vehículo con violencia,TEPEPAN,primera
2024-04-29,Robo a transeúnte en vía pública con violencia,TEPEPAN,segunda
2024-03-19,Robo de vehículo sin violencia,TEPEPAN,primera
2024-02-23,Robo a negocio con violencia,TEPEPAN,primera
2024-06-22,Robo de vehículo sin violencia,TEPEPAN,segunda
2024-04-06,Robo de vehículo sin violencia,TEPEPAN,segunda
2024-04-04,Robo de vehículo con violencia,TEPEPAN,segunda
2024-05-21,Robo a transeúnte en vía pública con violencia,TEPEPAN,segunda
2024-05-13,Robo a transeúnte en vía pública con violencia,TEPEPAN,segunda
2024-04-11,Robo de vehículo sin violencia,TEPEPAN,segunda
2024-01-25,Robo de vehículo sin violencia,TEPEPAN,primera
2024-06-06,Robo a transeúnte en vía pública con violencia,TEPEPAN,segunda
2024-05-28,Robo de vehículo con violencia,TEPEPAN,segunda
2024-01-21,Robo a transeúnte en vía pública con violencia,TEPEPAN,primera
2024-01-14,Robo de vehículo sin violencia,TEPEPAN,primera
2024-04-13,Robo de vehículo sin violencia,TEPEPAN,segunda
2024-03-06,Robo de vehículo sin violencia,TEPEPAN,primera
2024-01-03,Robo a casa habitación con violencia,TEPEPAN,primera
2024-04-23,Robo a transeúnte en vía pública con violencia,TEPEPAN,segunda
2024-02-01,Robo a transeúnte en vía pública con violencia,TEPEPAN,primera
2024-03-06,Robo a transeúnte en vía pública con violencia,TEPEPAN,primera
2024-02-24,Homicidio doloso,TEPEPAN,primera
2024-02-15,Robo a negocio con violencia,TEPEPAN,primera
2024-02-06,Robo de vehículo sin violencia,TEPEPAN,primera
2024-05-27,Robo a transeúnte en vía pública con violencia,TEPEPAN,segunda
2024-06-16,Robo a transeúnte en vía pública con violencia,TEPEPAN,segunda
2024-02-14,Robo a transeúnte en vía pública con violencia,TEPEPAN,primera
2024-05-05,Robo de vehículo sin violencia,TEPEPAN,segunda
2024-02-19,Robo de vehículo con violencia,TEPEPAN,primera
2024-03-14,Robo a transeúnte en vía pública con violencia,ALPES,primera
2024-05-10,Robo a transeúnte en vía pública con violencia,ALPES,segunda
2024-04-19,Robo a transeúnte en vía pública con violencia,ALPES,segunda
2024-06-29,Robo a transeúnte en vía pública con violencia,ALPES,segunda
2024-01-29,Robo a transeúnte en vía pública con violencia,ALPES,primera
2024-04-19,Robo a transeúnte en vía pública con violencia,ALPES,segunda
2024-05-22,Homicidio doloso,ALPES,segunda
2024-04-09,Robo de vehículo sin violencia,TEPEPAN,segunda
2024-05-18,Robo de vehículo sin violencia,TEPEPAN,segunda
2024-04-27,Robo a transeúnte en vía pública con violencia,TEPEPAN,segunda
2024-02-27,Robo de vehículo con violencia,TEPEPAN,primera
2024-01-01,Robo a transeúnte en vía pública con violencia,TEPEPAN,primera
2024-03-14,Robo de vehículo sin violencia,TEPEPAN,primera
2024-03-17,Robo de vehículo sin violencia,TEPEPAN,primera
2024-03-10,Robo de vehículo sin violencia,TEPEPAN,primera
2024-03-04,Robo a negocio con violencia,ALPES,primera
2024-03-13,Homicidio doloso,TEPEPAN,primera
2024-05-26,Robo a negocio con violencia,ALPES,segunda
2024-01-05,Homicidio doloso,ALPES,primera
2024-01-07,Homicidio doloso,TEPEPAN,primera
2024-05-21,Robo a casa habitación con violencia,TEPEPAN,segunda
2024-04-04,Lesiones dolosas por disparo de arma de fuego,TEPEPAN,segunda
2024-03-27,Robo a casa habitación con violencia,TEPEPAN,primera
2024-04-29,Homicidio doloso,TEPEPAN,segunda
2024-06-16,Robo a repartidor con y sin violencia,TEPEPAN,segunda
2024-03-09,Lesiones dolosas por disparo de arma de fuego,TEPEPAN,primera
2024-06-15,Robo a negocio con violencia,TEPEPAN,segunda
2024-01-02,Robo a pasajero a bordo de microbús con y sin violencia,TEPEPAN,primera
2024-03-06,Robo a negocio con violencia,TEPEPAN,primera
2024-03-11,Robo a transeúnte en vía pública con violencia,TEPEPAN,primera
2024-04-16,Robo a transeúnte en vía pública con violencia,TEPEPAN,segunda
2024-02-04,Robo de vehículo con violencia,TEPEPAN,primera
2024-06-25,Robo a transeúnte en vía pública con violencia,TEPEPAN,segunda
2024-06-21,Robo de vehículo sin violencia,TEPEPAN,segunda
2024-06-11,Robo de vehículo sin violencia,TEPEPAN,segunda
2024-01-24,Robo de vehículo sin violencia,TEPEPAN,primera
2024-01-11,Robo de vehículo sin violencia,TEPEPAN,primera
2024-06-24,Robo de vehículo sin violencia,TEPEPAN,segunda
2024-03-13,Robo de vehículo con violencia,TEPEPAN,primera
2024-05-06,Homicidio doloso,TEPEPAN,segunda
2024-02-09,Robo a casa habitación con violencia,TEPEPAN,primera
2024-06-09,Robo de vehículo sin violencia,ALPES,segunda
2024-01-05,Robo de vehículo sin violencia,ALPES,primera
2024-03-18,Robo a transeúnte en vía pública con violencia,ALPES,primera
2024-06-20,Lesiones dolosas por disparo de arma de fuego,TEPEPAN,segunda
2024-06-29,Lesiones dolosas por disparo de arma de fuego,TEPEPAN,segunda
2024-01-04,Robo a transeúnte en vía pública con violencia,ALPES,primera
2024-06-20,Robo a transeúnte en vía pública con violencia,ALPES,segunda
2024-01-06,Robo a transeúnte en vía pública con violencia,TEPEPAN,primera
2024-04-06,Homicidio doloso,TEPEPAN,segunda
2024-04-27,Robo de vehículo sin violencia,ALPES,segunda
2024-01-01,Robo de vehículo sin violencia,ALPES,primera
2024-04-13,Robo a transeúnte en vía pública con violencia,ALPES,segunda
2024-01-30,Robo a transeúnte en vía pública con violencia,ALPES,primera
2024-01-27,Robo de vehículo con violencia,ALPES,primera
2024-06-04,Robo a transeúnte en vía pública con violencia,ALPES,segunda
2024-02-09,Robo a transeúnte en vía pública con violencia,ALPES,primera
2024-06-03,Robo de vehículo sin violencia,ALPES,segunda
2024-01-23,Robo a transeúnte en vía pública con violencia,ALPES,primera
2024-03-31,Robo a transeúnte en vía pública con violencia,ALPES,primera
2024-02-17,Robo de vehículo sin violencia,ALPES,primera
2024-03-16,Robo de vehículo con violencia,ALPES,primera
2024-06-06,Robo de vehículo sin violencia,TEPEPAN,segunda
2024-05-24,Robo de vehículo con violencia,TEPEPAN,segunda
2024-02-05,Robo de vehículo sin violencia,TEPEPAN,primera
2024-01-06,Robo de vehículo con violencia,TEPEPAN,primera
2024-03-16,Robo a transeúnte en vía pública con violencia,TEPEPAN,primera
2024-03-06,Robo a transeúnte en vía pública con violencia,TEPEPAN,primera
2024-03-04,Robo a transeúnte en vía pública con violencia,TEPEPAN,primera
2024-03-17,Homicidio doloso,ALPES,primera
2024-01-25,Robo a repartidor con y sin violencia,ALPES,primera
2024-05-18,Robo a transeúnte en vía pública con violencia,ALPES,segunda
2024-03-02,Robo de vehículo sin violencia,ALPES,primera
2024-03-24,Robo a transeúnte en vía pública con violencia,ALPES,primera
2024-04-17,Robo a transeúnte en vía pública con violencia,ALPES,segunda
2024-06-07,Robo a negocio con violencia,TEPEPAN,segunda
2024-01-09,Robo a negocio con violencia,TEPEPAN,primera
2024-01-12,Robo a negocio con violencia,TEPEPAN,primera
2024-01-13,Robo de vehículo sin violencia,TEPEPAN,primera
2024-04-14,Robo a transeúnte en vía pública con violencia,ALPES,segunda
2024-02-29,Robo a transeúnte en vía pública con violencia,ALPES,primera
2024-02-04,Robo de vehículo sin violencia,ALPES,primera
2024-06-19,Robo de vehículo sin violencia,ALPES,segunda
2024-05-31,Robo a negocio con violencia,ALPES,segunda
2024-02-29,Robo a negocio con violencia,ALPES,primera
2024-02-04,Robo a transeúnte en vía pública con violencia,ALPES,primera
2024-06-01,Robo a transeúnte en vía pública con violencia,ALPES,segunda
2024-03-31,Robo a transeúnte en vía pública con violencia,ALPES,primera
2024-06-03,Robo a transeúnte en vía pública con violencia,ALPES,segunda
2024-05-24,Robo de vehículo sin violencia,ALPES,segunda
2024-02-15,Robo a transeúnte en vía pública con violencia,ALPES,primera
2024-05-16,Robo de vehículo sin violencia,ALPES,segunda
2024-05-19,Robo a transeúnte en vía pública con violencia,ALPES,segunda
2024-01-02,Robo a transeúnte en vía pública con violencia,ALPES,primera
2024-01-27,Robo a transeúnte en vía pública con violencia,ALPES,primera
2024-06-26,Robo a transeúnte en vía pública con violencia,ALPES,segunda
2024-06-16,Robo a transeúnte en vía pública con violencia,ALPES,segunda
2024-01-06,Robo a transeúnte en vía pública con violencia,ALPES,primera
2024-02-21,Robo a transeúnte en vía pública con violencia,ALPES,primera
2024-02-22,Robo a transeúnte en vía pública con violencia,ALPES,primera
2024-04-25,Homicidio doloso,ALPES,segunda
2024-02-16,Robo a negocio con violencia,ALPES,primera
2024-05-02,Robo a transeúnte en vía pública con violencia,ALPES,segunda
2024-04-28,Robo a transeúnte en vía pública con violencia,ALPES,segunda
2024-05-13,Robo a transeúnte en vía pública con violencia,ALPES,segunda
2024-02-22,Robo a transeúnte en vía pública con violencia,ALPES,primera
2024-03-11,Robo a transeúnte en vía pública con violencia,ALPES,primera
2024-02-02,Robo a transeúnte en vía pública con violencia,ALPES,primera
2024-05-19,Robo a negocio con violencia,ALPES,segunda
2024-01-04,Robo de vehículo sin violencia,ALPES,primera
2024-04-25,Robo a transeúnte en vía pública con violencia,ALPES,segunda
2024-04-28,Robo a transeúnte en vía pública con violencia,PLATEROS,segunda
2024-03-08,Robo a transeúnte en vía pública con violencia,ALPES,primera
2024-05-28,Robo a transeúnte en vía pública con violencia,ALPES,segunda
2024-05-08,Robo a pasajero a bordo de microbús con y sin violencia,ALPES,segunda
2024-01-07,Lesiones dolosas por disparo de arma de fuego,ALPES,primera
2024-03-02,Robo a negocio con violencia,ALPES,primera
2024-05-12,Robo a negocio con violencia,ALPES,segunda
2024-02-29,Robo a repartidor con y sin violencia,ALPES,primera
2024-04-23,Robo de vehículo sin violencia,ALPES,segunda
2024-02-03,Robo a transeúnte en vía pública con violencia,ALPES,primera
2024-05-12,Robo a transeúnte en vía pública con violencia,ALPES,segunda
2024-06-26,Robo a transeúnte en vía pública con violencia,ALPES,segunda
2024-04-18,Robo de vehículo sin violencia,ALPES,segunda
2024-05-19,Robo a transeúnte en vía pública con violencia,ALPES,segunda
2024-03-03,Robo a transeúnte en vía pública con violencia,ALPES,primera
2024-03-21,Robo a transeúnte en vía pública con violencia,PLATEROS,primera
2024-02-26,Robo a transeúnte en vía pública con violencia,PLATEROS,primera
2024-01-17,Robo a transeúnte en vía pública con violencia,PLATEROS,primera
2024-02-03,Robo a transeúnte en vía pública con violencia,PLATEROS,primera
2024-06-26,Robo a transeúnte en vía pública con violencia,PLATEROS,segunda
2024-06-28,Robo a transeúnte en vía pública con violencia,PLATEROS,segunda
2024-01-12,Robo a transeúnte en vía pública con violencia,PLATEROS,primera
2024-04-26,Robo a transeúnte en vía pública con violencia,PLATEROS,segunda
2024-05-02,Robo a transeúnte en vía pública con violencia,PLATEROS,segunda
2024-01-24,Robo a transeúnte en vía pública con violencia,PLATEROS,primera
2024-02-03,Robo a transeúnte en vía pública con violencia,PLATEROS,primera
2024-04-19,Robo a transeúnte en vía pública con violencia,PLATEROS,segunda
2024-03-01,Robo a transeúnte en vía pública con violencia,PLATEROS,primera
2024-03-12,Robo a negocio con violencia,PLATEROS,primera
2024-05-23,Robo de vehículo con violencia,PLATEROS,segunda
2024-05-17,Robo a casa habitación con violencia,PLATEROS,segunda
2024-04-26,Robo a negocio con violencia,PLATEROS,segunda
2024-04-26,Robo a negocio con violencia,PLATEROS,segunda
2024-04-23,Robo a transeúnte en vía pública con violencia,ALPES,segunda
2024-02-29,Robo a transeúnte en vía pública con violencia,ALPES,primera
2024-05-26,Robo de vehículo sin violencia,ALPES,segunda
2024-05-11,Robo a transeúnte en vía pública con violencia,PLATEROS,segunda
2024-04-09,Robo a transeúnte en vía pública con violencia,PLATEROS,segunda
2024-05-10,Robo a transeúnte en vía pública con violencia,PLATEROS,segunda
2024-02-21,Robo a transeúnte en vía pública con violencia,PLATEROS,primera
2024-04-03,Robo a transeúnte en vía pública con violencia,PLATEROS,segunda
2024-04-19,Robo de vehículo sin violencia,PLATEROS,segunda
2024-01-29,Robo de vehículo sin violencia,PLATEROS,primera
2024-03-13,Robo a transeúnte en vía pública con violencia,PLATEROS,primera
2024-03-19,Robo a transeúnte en vía pública con violencia,PLATEROS,primera
2024-02-22,Robo de vehículo sin violencia,PLATEROS,primera
2024-06-07,Robo a transeúnte en vía pública con violencia,PLATEROS,segunda
2024-05-29,Robo a transeúnte en vía pública con violencia,PLATEROS,segunda
2024-01-28,Robo de vehículo sin violencia,PLATEROS,primera
2024-02-07,Robo de vehículo sin violencia,PLATEROS,primera
2024-02-25,Robo a transeúnte en vía pública con violencia,PLATEROS,primera
2024-06-04,Robo de vehículo sin violencia,PLATEROS,segunda
2024-05-13,Robo de vehículo sin violencia,PLATEROS,segunda
2024-03-25,Robo de vehículo sin violencia,PLATEROS,primera
2024-03-11,Robo a transeúnte en vía pública con violencia,PLATEROS,primera
2024-05-03,Robo a transeúnte en vía pública con violencia,ALPES,segunda
2024-06-07,Robo de vehículo sin violencia,ALPES,segunda
2024-03-23,Robo a negocio con violencia,PLATEROS,primera
2024-01-13,Robo a transeúnte en vía pública con violencia,PLATEROS,primera
2024-06-06,Robo a transeúnte en vía pública con violencia,PLATEROS,segunda
2024-06-28,Robo a transeúnte en vía pública con violencia,PLATEROS,segunda
2024-02-02,Robo a transeúnte en vía pública con violencia,PLATEROS,primera
2024-03-15,Robo a transeúnte en vía pública con violencia,PLATEROS,primera
2024-03-13,Robo a transeúnte en vía pública con violencia,PLATEROS,primera
2024-02-10,Robo a transeúnte en vía pública con violencia,PLATEROS,primera
2024-06-27,Robo a transeúnte en vía pública con violencia,PLATEROS,segunda
2024-01-26,Robo de vehículo sin violencia,PLATEROS,primera
2024-01-19,Robo a transeúnte en vía pública con violencia,PLATEROS,primera
2024-04-10,Robo a transeúnte en vía pública con violencia,PLATEROS,segunda
2024-03-17,Robo a transeúnte en vía pública con violencia,PLATEROS,primera
2024-01-09,Robo a transeúnte en vía pública con violencia,PLATEROS,primera
2024-01-10,Robo a transeúnte en vía pública con violencia,PLATEROS,primera
2024-03-25,Robo a transeúnte en vía pública con violencia,PLATEROS,primera
2024-02-25,Robo a transeúnte en vía pública con violencia,PLATEROS,primera
2024-06-02,Robo de vehículo sin violencia,PLATEROS,segunda
2024-05-31,Robo a transeúnte en vía pública con violencia,PLATEROS,segunda
2024-02-21,Robo a transeúnte en vía pública con violencia,PLATEROS,primera
2024-05-31,Robo de vehículo sin violencia,PLATEROS,segunda
2024-06-02,Robo a transeúnte en vía pública con violencia,PLATEROS,segunda
2024-05-30,Robo a transeúnte en vía pública con violencia,PLATEROS,segunda
2024-01-11,Robo a transeúnte en vía pública con violencia,PLATEROS,primera
2024-05-21,Robo a transeúnte en vía pública con violencia,PLATEROS,segunda
2024-06-30,Robo a transeúnte en vía pública con violencia,PLATEROS,segunda
2024-06-05,Robo de vehículo con violencia,PLATEROS,segunda
2024-04-02,Robo a transeúnte en vía pública con violencia,PLATEROS,segunda
2024-01-27,Robo a transeúnte en vía pública con violencia,PLATEROS,primera
2024-01-31,Robo a transeúnte en vía pública con violencia,PLATEROS,primera
2024-04-16,Robo de vehículo sin violencia,PLATEROS,segunda
2024-02-22,Robo a transeúnte en vía pública con violencia,PLATEROS,primera
2024-05-29,Robo a transeúnte en vía pública con violencia,PLATEROS,segunda
2024-02-07,Robo a transeúnte en vía pública con violencia,PLATEROS,primera
2024-05-27,Robo a transeúnte en vía pública con violencia,PLATEROS,segunda
2024-05-07,Robo a transeúnte en vía pública con violencia,PLATEROS,segunda
2024-04-16,Robo a transeúnte en vía pública con violencia,PLATEROS,segunda
2024-02-25,Robo a transeúnte en vía pública con violencia,PLATEROS,primera
2024-03-06,Robo a transeúnte en vía pública con violencia,PLATEROS,primera
2024-05-16,Robo a transeúnte en vía pública con violencia,PLATEROS,segunda
2024-03-06,Robo a transeúnte en vía pública con violencia,PLATEROS,primera
2024-05-31,Robo a transeúnte en vía pública con violencia,PLATEROS,segunda
2024-01-15,Robo a negocio con violencia,PLATEROS,primera
2024-06-12,Robo a transeúnte en vía pública con violencia,PLATEROS,segunda
2024-03-09,Robo a transeúnte en vía pública con violencia,PLATEROS,primera
2024-03-04,Robo a transeúnte en vía pública con violencia,PLATEROS,primera
2024-01-09,Robo de vehículo sin violencia,PLATEROS,primera
2024-02-19,Robo a transeúnte en vía pública con violencia,PLATEROS,primera
2024-06-30,Robo de vehículo sin violencia,PLATEROS,segunda
2024-06-12,Robo a transeúnte en vía pública con violencia,PLATEROS,segunda
2024-04-28,Robo a transeúnte en vía pública con violencia,PLATEROS,segunda
2024-02-07,Robo a transeúnte en vía pública con violencia,PLATEROS,primera
2024-03-14,Robo a transeúnte en vía pública con violencia,PLATEROS,primera
2024-05-11,Robo a transeúnte en vía pública con violencia,PLATEROS,segunda
2024-01-16,Robo a transeúnte en vía pública con violencia,PLATEROS,primera
2024-06-08,Robo a transeúnte en vía pública con violencia,PLATEROS,segunda
2024-01-18,Robo a transeúnte en vía pública con violencia,PLATEROS,primera
2024-01-04,Robo a transeúnte en vía pública con violencia,PLATEROS,primera
2024-04-13,Robo a transeúnte en vía pública con violencia,PLATEROS,segunda
2024-04-18,Robo a transeúnte en vía pública con violencia,PLATEROS,segunda
2024-04-06,Robo de vehículo sin violencia,PLATEROS,segunda
2024-02-25,Robo a transeúnte en vía pública con violencia,PLATEROS,primera
2024-05-22,Robo a transeúnte en vía pública con violencia,PLATEROS,segunda
2024-03-25,Robo a transeúnte en vía pública con violencia,PLATEROS,primera
2024-03-21,Robo a transeúnte en vía pública con violencia,PLATEROS,primera
2024-03-05,Robo a transeúnte en vía pública con violencia,PLATEROS,primera
2024-05-24,Robo de vehículo sin violencia,PLATEROS,segunda
2024-05-06,Robo a transeúnte en vía pública con violencia,PLATEROS,segunda
2024-01-30,Robo de vehículo con violencia,PLATEROS,primera
2024-03-09,Robo a transeúnte en vía pública con violencia,PLATEROS,primera
2024-02-10,Robo a transeúnte en vía pública con violencia,PLATEROS,primera
2024-03-14,Robo a transeúnte en vía pública con violencia,PLATEROS,primera
2024-02-23,Robo a transeúnte en vía pública con violencia,PLATEROS,primera
2024-01-27,Robo a transeúnte en vía pública con violencia,PLATEROS,primera
2024-01-19,Robo a transeúnte en vía pública con violencia,PLATEROS,primera
2024-02-28,Robo a transeúnte en vía pública con violencia,PLATEROS,primera
2024-06-12,Robo a transeúnte en vía pública con violencia,PLATEROS,segunda
2024-02-24,Robo a negocio con violencia,PLATEROS,primera
2024-02-01,Robo de vehículo sin violencia,PLATEROS,primera
2024-06-14,Robo a repartidor con y sin violencia,PLATEROS,segunda
2024-01-08,Robo a pasajero a bordo de microbús con y sin violencia,PLATEROS,primera
2024-03-31,Homicidio doloso,PLATEROS,primera
2024-03-13,Homicidio doloso,PLATEROS,primera
2024-06-30,Homicidio doloso,PLATEROS,segunda
2024-01-14,Homicidio doloso,PLATEROS,primera
2024-05-25,Robo a transeúnte en vía pública con violencia,PLATEROS,segunda
2024-01-18,Robo de vehículo con violencia,PLATEROS,primera
2024-02-24,Robo a transeúnte en vía pública con violencia,PLATEROS,primera
2024-05-08,Robo a repartidor con y sin violencia,PLATEROS,segunda
2024-03-16,Robo a casa habitación con violencia,PLATEROS,primera
2024-06-06,Robo a repartidor con y sin violencia,PLATEROS,segunda
2024-01-25,Robo a repartidor con y sin violencia,PLATEROS,primera
2024-03-28,Robo a repartidor con y sin violencia,PLATEROS,primera
2024-05-05,Robo a transeúnte en vía pública con violencia,PLATEROS,segunda
2024-01-15,Robo a transeúnte en vía pública con violencia,PLATEROS,primera
2024-04-24,Robo a transeúnte en vía pública con violencia,PLATEROS,segunda
2024-06-06,Robo a transeúnte en vía pública con violencia,PLATEROS,segunda
2024-01-25,Robo a transeúnte en vía pública con violencia,PLATEROS,primera
2024-01-01,Robo a transeúnte en vía pública con violencia,PLATEROS,primera
2024-02-20,Robo de vehículo sin violencia,PLATEROS,primera
2024-01-11,Robo a transeúnte en vía pública con violencia,PLATEROS,primera
2024-05-18,Robo a transeúnte en vía pública con violencia,PLATEROS,segunda
2024-03-04,Robo a transeúnte en vía pública con violencia,PLATEROS,primera
2024-03-06,Robo a transeúnte en vía pública con violencia,PLATEROS,primera
2024-05-18,Robo de vehículo sin violencia,PLATEROS,segunda
2024-02-02,Robo a transeúnte en vía pública con violencia,PLATEROS,primera
2024-02-05,Robo de vehículo sin violencia,PLATEROS,primera
2024-04-03,Robo a transeúnte en vía pública con violencia,PLATEROS,segunda
2024-02-19,Robo a transeúnte en vía pública con violencia,PLATEROS,primera
2024-02-09,Robo a transeúnte en vía pública con violencia,PLATEROS,primera
2024-05-11,Robo de vehículo sin violencia,PLATEROS,segunda
2024-05-27,Robo a transeúnte en vía pública con violencia,PLATEROS,segunda
2024-03-04,Robo a transeúnte en vía pública con violencia,PLATEROS,primera
2024-05-22,Robo a transeúnte en vía pública con violencia,PLATEROS,segunda
2024-01-01,Robo a pasajero a bordo de microbús con y sin violencia,PLATEROS,primera
2024-02-03,Robo a transeúnte en vía pública con violencia,PLATEROS,primera
2024-06-12,Robo de vehículo sin violencia,PLATEROS,segunda
2024-04-30,Robo a transeúnte en vía pública con violencia,PLATEROS,segunda
2024-02-10,Robo a transeúnte en vía pública con violencia,PLATEROS,primera
2024-04-30,Robo a transeúnte en vía pública con violencia,PLATEROS,segunda
2024-03-28,Robo a transeúnte en vía pública con violencia,PLATEROS,primera
2024-04-10,Robo a transeúnte en vía pública con violencia,PLATEROS,segunda
2024-04-08,Robo a negocio con violencia,PLATEROS,segunda
2024-05-25,Homicidio doloso,PLATEROS,segunda
2024-06-12,Robo a transeúnte en vía pública con violencia,PLATEROS,segunda
2024-06-28,Robo de vehículo con violencia,PLATEROS,segunda
2024-05-31,Robo a transeúnte en vía pública con violencia,PLATEROS,segunda
2024-01-17,Robo a transeúnte en vía pública con violencia,PLATEROS,primera
2024-02-07,Robo a transeúnte en vía pública con violencia,PLATEROS,primera
2024-04-29,Robo de vehículo con violencia,PLATEROS,segunda
2024-06-12,Robo a transeúnte en vía pública con violencia,PLATEROS,segunda
2024-04-23,Robo a transeúnte en vía pública con violencia,PLATEROS,segunda
2024-02-21,Robo a transeúnte en vía pública con violencia,PLATEROS,primera
2024-06-09,Robo a transeúnte en vía pública con violencia,PLATEROS,segunda
2024-02-14,Robo a transeúnte en vía pública con violencia,PLATEROS,primera
2024-06-24,Robo a transeúnte en vía pública con violencia,PLATEROS,segunda
2024-05-17,Robo a transeúnte en vía pública con violencia,PLATEROS,segunda
2024-06-26,Robo a transeúnte en vía pública con violencia,PLATEROS,segunda
2024-03-14,Robo de vehículo con violencia,PLATEROS,primera
2024-06-03,Robo de vehículo sin violencia,PLATEROS,segunda
2024-02-05,Robo a transeúnte en vía pública con violencia,PLATEROS,primera
2024-03-21,Robo a transeúnte en vía pública con violencia,PLATEROS,primera
2024-03-27,Robo a transeúnte en vía pública con violencia,PLATEROS,primera
2024-02-24,Robo a transeúnte en vía pública con violencia,PLATEROS,primera
2024-03-27,Robo a transeúnte en vía pública con violencia,PLATEROS,primera
2024-05-22,Robo a transeúnte en vía pública con violencia,PLATEROS,segunda
2024-02-03,Robo a transeúnte en vía pública con violencia,PLATEROS,primera
2024-01-10,Robo a transeúnte en vía pública con violencia,PLATEROS,primera
2024-04-24,Robo de vehículo sin violencia,PLATEROS,segunda
2024-02-26,Robo a transeúnte en vía pública con violencia,PLATEROS,primera
2024-05-21,Robo a transeúnte en vía pública con violencia,PLATEROS,segunda
2024-05-26,Robo a transeúnte en vía pública con violencia,PLATEROS,segunda
2024-05-27,Robo a transeúnte en vía pública con violencia,PLATEROS,segunda
2024-04-26,Robo a transeúnte en vía pública con violencia,PLATEROS,segunda
2024-01-27,Robo a transeúnte en vía pública con violencia,PLATEROS,primera
2024-01-06,Robo a transeúnte en vía pública con violencia,PLATEROS,primera
2024-04-02,Robo a transeúnte en vía pública con violencia,PLATEROS,segunda
2024-03-17,Robo de vehículo sin violencia,PLATEROS,primera
2024-02-26,Robo a repartidor con y sin violencia,PLATEROS,primera
2024-05-26,Robo a repartidor con y sin violencia,PLATEROS,segunda
2024-03-14,Robo a negocio con violencia,PLATEROS,primera
2024-02-10,Robo a transeúnte en vía pública con violencia,PLATEROS,primera
2024-02-06,Robo a transeúnte en vía pública con violencia,PLATEROS,primera
2024-02-25,Robo a transeúnte en vía pública con violencia,PLATEROS,primera
2024-06-03,Robo a transeúnte en vía pública con violencia,PLATEROS,segunda
2024-04-01,Robo a transeúnte en vía pública con violencia,PLATEROS,segunda
2024-02-27,Robo a transeúnte en vía pública con violencia,PLATEROS,primera
2024-04-25,Homicidio doloso,PLATEROS,segunda
2024-02-01,Robo a transeúnte en vía pública con violencia,PLATEROS,primera
2024-05-09,Robo a transeúnte en vía pública con violencia,PLATEROS,segunda
2024-05-30,Robo a transeúnte en vía pública con violencia,PLATEROS,segunda
2024-06-13,Robo a transeúnte en vía pública con violencia,PLATEROS,segunda
2024-04-24,Robo a transeúnte en vía pública con violencia,PLATEROS,segunda
2024-03-07,Robo a transeúnte en vía pública con violencia,PLATEROS,primera
2024-01-08,Robo a transeúnte en vía pública con violencia,PLATEROS,primera
2024-02-26,Robo a transeúnte en vía pública con violencia,PLATEROS,primera
2024-06-04,Robo a transeúnte en vía pública con violencia,PLATEROS,segunda
2024-06-28,Robo a transeúnte en vía pública con violencia,PLATEROS,segunda
2024-05-01,Robo a transeúnte en vía pública con violencia,PLATEROS,segunda
2024-01-13,Robo a transeúnte en vía pública con violencia,PLATEROS,primera
2024-04-13,Robo a transeúnte en vía pública con violencia,PLATEROS,segunda
2024-03-08,Robo a transeúnte en vía pública con violencia,PLATEROS,primera
2024-02-09,Robo a transeúnte en vía pública con violencia,SAN ANGEL,primera
2024-05-16,Robo a transeúnte en vía pública con violencia,PLATEROS,segunda
2024-02-23,Robo a transeúnte en vía pública con violencia,PLATEROS,primera
2024-06-05,Robo a transeúnte en vía pública con violencia,PLATEROS,segunda
2024-04-24,Robo a transeúnte en vía pública con violencia,SAN ANGEL,segunda
2024-05-21,Robo a transeúnte en vía pública con violencia,PLATEROS,segunda
2024-05-19,Robo de vehículo sin violencia,SAN ANGEL,segunda
2024-02-09,Robo de vehículo sin violencia,SAN ANGEL,primera
2024-03-29,Robo de vehículo sin violencia,SAN ANGEL,primera
2024-05-17,Robo a transeúnte en vía pública con violencia,PLATEROS,segunda
2024-05-13,Robo de vehículo sin violencia,SAN ANGEL,segunda
2024-06-09,Robo de vehículo sin violencia,PLATEROS,segunda
2024-01-26,Robo a transeúnte en vía pública con violencia,PLATEROS,primera
2024-03-04,Robo a transeúnte en vía pública con violencia,PLATEROS,primera
2024-01-26,Robo a transeúnte en vía pública con violencia,PLATEROS,primera
2024-03-09,Secuestro,PLATEROS,primera
2024-06-05,Robo de vehículo sin violencia,SAN ANGEL,segunda
2024-06-22,Robo a transeúnte en vía pública con violencia,SAN ANGEL,segunda
2024-01-31,Robo a transeúnte en vía pública con violencia,SAN ANGEL,primera
2024-01-06,Robo a transeúnte en vía pública con violencia,SAN ANGEL,primera
2024-03-26,Robo a pasajero a bordo de taxi con violencia,PLATEROS,primera
2024-03-24,Robo a repartidor con y sin violencia,SAN ANGEL,primera
2024-05-26,Robo de vehículo sin violencia,PLATEROS,segunda
2024-05-25,Robo de vehículo sin violencia,SAN ANGEL,segunda
2024-06-03,Robo de vehículo sin violencia,SAN ANGEL,segunda
2024-03-15,Robo de vehículo sin violencia,SAN ANGEL,primera
2024-02-18,Robo a repartidor con y sin violencia,PLATEROS,primera
2024-04-16,Robo a cuentahabiente saliendo del cajero con violencia,PLATEROS,segunda
2024-04-24,Robo a negocio con violencia,PLATEROS,segunda
2024-03-28,Robo a transeúnte en vía pública con violencia,PLATEROS,primera
2024-05-20,Robo a transeúnte en vía pública con violencia,PLATEROS,segunda
2024-05-10,Robo a transeúnte en vía pública con violencia,PLATEROS,segunda
2024-06-26,Robo a negocio con violencia,PLATEROS,segunda
2024-02-18,Homicidio doloso,PLATEROS,primera
2024-02-23,Robo a negocio con violencia,PLATEROS,primera
2024-06-06,Robo a transeúnte en vía pública con violencia,SAN ANGEL,segunda
2024-01-17,Robo de vehículo sin violencia,SAN ANGEL,primera
2024-02-22,Homicidio doloso,SAN ANGEL,primera
2024-05-24,Robo de vehículo con violencia,PLATEROS,segunda
2024-01-20,Robo a transeúnte en vía pública con violencia,PLATEROS,primera
2024-01-07,Robo de vehículo sin violencia,PLATEROS,primera
2024-01-04,Robo a transeúnte en vía pública con violencia,PLATEROS,primera
2024-03-27,Robo a transeúnte en vía pública con violencia,SAN ANGEL,primera
2024-05-31,Robo a transeúnte en vía pública con violencia,SAN ANGEL,segunda
2024-05-16,Robo a transeúnte en vía pública con violencia,SAN ANGEL,segunda
2024-06-30,Robo de vehículo sin violencia,SAN ANGEL,segunda
2024-06-24,Robo de vehículo sin violencia,SAN ANGEL,segunda
2024-01-29,Robo a transeúnte en vía pública con violencia,SAN ANGEL,primera
2024-01-06,Robo a transeúnte en vía pública con violencia,SAN ANGEL,primera
2024-06-27,Robo a negocio con violencia,SAN ANGEL,segunda
2024-03-12,Robo a cuentahabiente saliendo del cajero con violencia,SAN ANGEL,primera
2024-05-10,Robo a transeúnte en vía pública con violencia,SAN ANGEL,segunda
2024-06-01,Robo de vehículo sin violencia,SAN ANGEL,segunda
2024-01-20,Robo de vehículo sin violencia,SAN ANGEL,primera
2024-02-07,Robo a transeúnte en vía pública con violencia,SAN ANGEL,primera
2024-06-27,Robo de vehículo sin violencia,SAN ANGEL,segunda
2024-06-03,Robo a transeúnte en vía pública con violencia,SAN ANGEL,segunda
2024-03-24,Robo a transeúnte en vía pública con violencia,SAN ANGEL,primera
2024-02-21,Robo a transeúnte en vía pública con violencia,SAN ANGEL,primera
2024-05-16,Robo a negocio con violencia,SAN ANGEL,segunda
2024-05-16,Robo a pasajero a bordo de microbús con y sin violencia,SAN ANGEL,segunda
2024-01-04,Robo a negocio con violencia,SAN ANGEL,primera
2024-01-11,Robo a negocio con violencia,SAN ANGEL,primera
2024-04-26,Robo a negocio con violencia,SAN ANGEL,segunda
2024-01-05,Robo de vehículo sin violencia,SAN ANGEL,primera
2024-06-29,Robo de vehículo con violencia,SAN ANGEL,segunda
2024-01-15,Robo de vehículo sin violencia,SAN ANGEL,primera
2024-01-04,Robo de vehículo sin violencia,SAN ANGEL,primera
2024-03-08,Robo a transeúnte en vía pública con violencia,SAN ANGEL,primera
2024-06-28,Robo a transeúnte en vía pública con violencia,SAN ANGEL,segunda
2024-03-25,Robo a transeúnte en vía pública con violencia,SAN ANGEL,primera
2024-06-11,Robo a transeúnte en vía pública con violencia,SAN ANGEL,segunda
2024-06-12,Robo de vehículo con violencia,SAN ANGEL,segunda
2024-05-21,Robo de vehículo con violencia,SAN ANGEL,segunda
2024-04-17,Robo a transeúnte en vía pública con violencia,SAN ANGEL,segunda
2024-04-19,Robo de vehículo sin violencia,SAN ANGEL,segunda
2024-02-17,Robo a transeúnte en vía pública con violencia,SAN ANGEL,primera
2024-03-19,Robo de vehículo sin violencia,SAN ANGEL,primera
2024-03-12,Robo a transeúnte en vía pública con violencia,SAN ANGEL,primera
2024-05-07,Robo de vehículo sin violencia,SAN ANGEL,segunda
2024-05-13,Robo de vehículo sin violencia,SAN ANGEL,segunda
2024-04-17,Robo de vehículo sin violencia,SAN ANGEL,segunda
2024-02-08,Robo de vehículo con violencia,SAN ANGEL,primera
2024-06-21,Robo de vehículo sin violencia,SAN ANGEL,segunda
2024-06-14,Robo de vehículo sin violencia,SAN ANGEL,segunda
2024-02-16,Robo a cuentahabiente saliendo del cajero con violencia,SAN ANGEL,primera
2024-02-12,Robo a negocio con violencia,SAN ANGEL,primera
2024-05-13,Homicidio doloso,SAN ANGEL,segunda
2024-06-03,Robo a transeúnte en vía pública con violencia,SANTA FE,segunda
2024-05-02,Robo a transeúnte en vía pública con violencia,SANTA FE,segunda
2024-04-01,Robo a transeúnte en vía pública con violencia,SANTA FE,segunda
2024-03-26,Robo de vehículo sin violencia,SANTA FE,primera
2024-04-20,Robo de vehículo sin violencia,SANTA FE,segunda
2024-04-29,Robo de vehículo con violencia,SANTA FE,segunda
2024-01-10,Robo de vehículo sin violencia,SANTA FE,primera
2024-02-22,Robo a transeúnte en vía pública con violencia,SANTA FE,primera
2024-06-18,Robo a transeúnte en vía pública con violencia,SANTA FE,segunda
2024-02-20,Robo a transeúnte en vía pública con violencia,SANTA FE,primera
2024-05-28,Robo a transeúnte en vía pública con violencia,SANTA FE,segunda
2024-05-06,Robo a transeúnte en vía pública con violencia,SANTA FE,segunda
2024-01-22,Robo a transeúnte en vía pública con violencia,SANTA FE,primera
2024-02-21,Robo de vehículo sin violencia,SANTA FE,primera
2024-06-06,Robo a transeúnte en vía pública con violencia,SANTA FE,segunda
2024-05-04,Robo a transeúnte en vía pública con violencia,SANTA FE,segunda
2024-04-28,Robo de vehículo sin violencia,SANTA FE,segunda
2024-04-19,Robo a transeúnte en vía pública con violencia,SANTA FE,segunda
2024-04-06,Robo a transeúnte en vía pública con violencia,SANTA FE,segunda
2024-03-19,Robo de vehículo con violencia,SANTA FE,primera
2024-05-09,Robo a transeúnte en vía pública con violencia,SANTA FE,segunda
2024-03-17,Robo de vehículo sin violencia,SANTA FE,primera
2024-06-20,Robo a transeúnte en vía pública con violencia,SANTA FE,segunda
2024-06-20,Robo a transeúnte en vía pública con violencia,SANTA FE,segunda
2024-02-05,Robo a transeúnte en vía pública con violencia,SANTA FE,primera
2024-03-21,Robo a transeúnte en vía pública con violencia,SANTA FE,primera
2024-06-08,Robo a transeúnte en vía pública con violencia,SANTA FE,segunda
2024-06-10,Robo a transeúnte en vía pública con violencia,SANTA FE,segunda
2024-01-11,Robo de vehículo sin violencia,SANTA FE,primera
2024-01-23,Robo a transeúnte en vía pública con violencia,SANTA FE,primera
2024-01-29,Robo a transeúnte en vía pública con violencia,SANTA FE,primera
2024-02-06,Robo a transeúnte en vía pública con violencia,SANTA FE,primera
2024-03-15,Robo a repartidor con y sin violencia,SANTA FE,primera
2024-06-29,Robo a transeúnte en vía pública con violencia,SANTA FE,segunda
2024-03-20,Robo a pasajero a bordo de microbús con y sin violencia,SANTA FE,primera
2024-01-23,Robo a negocio con violencia,SANTA FE,primera
2024-02-16,Robo a negocio con violencia,SANTA FE,primera
2024-04-11,Robo a negocio con violencia,SANTA FE,segunda
2024-02-24,Robo a negocio con violencia,SANTA FE,primera
2024-01-27,Robo a transeúnte en vía pública con violencia,SANTA FE,primera
2024-01-21,Robo a transeúnte en vía pública con violencia,SANTA FE,primera
2024-03-31,Robo a transeúnte en vía pública con violencia,SANTA FE,primera
2024-01-26,Robo de vehículo con violencia,ALPES,primera
2024-01-21,Robo a transeúnte en vía pública con violencia,ALPES,primera
2024-03-11,Robo a negocio con violencia,SANTA FE,primera
2024-03-09,Robo a transeúnte en vía pública con violencia,SANTA FE,primera
2024-01-07,Lesiones dolosas por disparo de arma de fuego,SANTA FE,primera
2024-05-23,Robo a negocio con violencia,SANTA FE,segunda
2024-04-08,Homicidio doloso,SANTA FE,segunda
2024-03-30,Robo a repartidor con y sin violencia,SANTA FE,primera
2024-01-11,Robo de vehículo sin violencia,SANTA FE,primera
2024-03-19,Robo a transeúnte en vía pública con violencia,SANTA FE,primera
2024-05-03,Robo a transeúnte en vía pública con violencia,SANTA FE,segunda
2024-06-28,Robo a transeúnte en vía pública con violencia,SANTA FE,segunda
2024-05-07,Robo a transeúnte en vía pública con violencia,SANTA FE,segunda
2024-04-20,Robo a transeúnte en vía pública con violencia,SANTA FE,segunda
2024-01-29,Robo a transeúnte en vía pública con violencia,SANTA FE,primera
2024-02-23,Robo a transeúnte en vía pública con violencia,SANTA FE,primera
2024-02-08,Robo a transeúnte en vía pública con violencia,SANTA FE,primera
2024-05-01,Robo de vehículo con violencia,SANTA FE,segunda
2024-01-30,Robo a transeúnte en vía pública con violencia,SANTA FE,primera
2024-01-06,Robo a transeúnte en vía pública con violencia,SANTA FE,primera
2024-03-05,Robo a transeúnte en vía pública con violencia,SANTA FE,primera
2024-03-20,Robo a transeúnte en vía pública con violencia,SANTA FE,primera
2024-06-23,Lesiones dolosas por disparo de arma de fuego,SANTA FE,segunda
2024-04-16,Homicidio doloso,SANTA FE,segunda
2024-04-24,Robo a transeúnte en vía pública con violencia,SANTA FE,segunda
2024-06-07,Robo a transeúnte en vía pública con violencia,SANTA FE,segunda
2024-06-30,Robo a transeúnte en vía pública con violencia,PLATEROS,segunda
2024-05-01,Robo a transeúnte en vía pública con violencia,SANTA FE,segunda
2024-03-12,Robo a transeúnte en vía pública con violencia,SANTA FE,primera
2024-01-18,Robo a transeúnte en vía pública con violencia,SANTA FE,primera
2024-01-30,Robo a transeúnte en vía pública con violencia,SANTA FE,primera
2024-01-04,Robo a repartidor con y sin violencia,SANTA FE,primera
2024-04-10,Robo a negocio con violencia,SANTA FE,segunda
2024-03-06,Lesiones dolosas por disparo de arma de fuego,SANTA FE,primera
2024-06-30,Lesiones dolosas por disparo de arma de fuego,SANTA FE,segunda
2024-05-12,Homicidio doloso,SANTA FE,segunda
2024-02-01,Homicidio doloso,SANTA FE,primera
2024-01-07,Robo a negocio con violencia,SANTA FE,primera
2024-06-03,Robo a transeúnte en vía pública con violencia,SANTA FE,segunda
2024-06-18,Robo a transeúnte en vía pública con violencia,SANTA FE,segunda
2024-04-22,Robo de vehículo sin violencia,SANTA FE,segunda
2024-05-13,Robo a transeúnte en vía pública con violencia,SANTA FE,segunda
2024-03-24,Robo a transeúnte en vía pública con violencia,SANTA FE,primera
2024-03-06,Robo a transeúnte en vía pública con violencia,SANTA FE,primera
2024-01-29,Robo de vehículo sin violencia,SANTA FE,primera
2024-01-04,Robo a transeúnte en vía pública con violencia,SANTA FE,primera
2024-01-29,Robo a transeúnte en vía pública con violencia,SANTA FE,primera
2024-03-13,Homicidio doloso,SANTA FE,primera
2024-01-12,Robo a transeúnte en vía pública con violencia,SANTA FE,primera
2024-05-28,Robo a transeúnte en vía pública con violencia,SANTA FE,segunda
2024-04-25,Robo a transeúnte en vía pública con violencia,SANTA FE,segunda
2024-05-23,Robo a transeúnte en vía pública con violencia,SANTA FE,segunda
2024-06-04,Robo a transeúnte en vía pública con violencia,SANTA FE,segunda
2024-04-27,Robo a transeúnte en vía pública con violencia,SANTA FE,segunda
2024-05-18,Robo de vehículo sin violencia,SANTA FE,segunda
2024-04-25,Robo a transeúnte en vía pública con violencia,SANTA FE,segunda
2024-05-16,Robo de vehículo con violencia,SANTA FE,segunda
2024-02-29,Robo a transeúnte en vía pública con violencia,SANTA FE,primera
2024-06-19,Robo a transeúnte en vía pública con violencia,SANTA FE,segunda
2024-04-27,Robo a transeúnte en vía pública con violencia,SANTA FE,segunda
2024-01-05,Robo a transeúnte en vía pública con violencia,SANTA FE,primera
2024-03-25,Robo a transeúnte en vía pública con violencia,SANTA FE,primera
2024-02-16,Robo a negocio con violencia,SANTA FE,primera
2024-02-06,Homicidio doloso,SANTA FE,primera
2024-02-22,Robo a transeúnte en vía pública con violencia,SANTA FE,primera
2024-03-05,Homicidio doloso,SANTA FE,primera
2024-02-21,Robo a repartidor con y sin violencia,SANTA FE,primera
2024-06-06,Robo de vehículo sin violencia,SANTA FE,segunda
2024-01-03,Robo a transeúnte en vía pública con violencia,SANTA FE,primera
2024-03-01,Robo a transeúnte en vía pública con violencia,SANTA FE,primera
2024-01-29,Robo a transeúnte en vía pública con violencia,SANTA FE,primera
2024-04-05,Robo a transeúnte en vía pública con violencia,SANTA FE,segunda
2024-04-22,Robo a transeúnte en vía pública con violencia,SANTA FE,segunda
2024-01-03,Robo a transeúnte en vía pública con violencia,SANTA FE,primera
2024-01-31,Robo de vehículo sin violencia,CLAVERIA,primera
2024-02-10,Robo de vehículo sin violencia,CLAVERIA,primera
2024-03-11,Robo a transeúnte en vía pública con violencia,SANTA FE,primera
2024-05-25,Robo a transeúnte en vía pública con violencia,SANTA FE,segunda
2024-01-16,Robo de vehículo sin violencia,SANTA FE,primera
2024-01-06,Robo de vehículo sin violencia,SANTA FE,primera
2024-05-08,Robo a transeúnte en vía pública con violencia,SANTA FE,segunda
2024-03-04,Robo a transeúnte en vía pública con violencia,SANTA FE,primera
2024-02-12,Robo a transeúnte en vía pública con violencia,SANTA FE,primera
2024-05-15,Robo a transeúnte en vía pública con violencia,SANTA FE,segunda
2024-04-03,Robo a transeúnte en vía pública con violencia,SANTA FE,segunda
2024-03-17,Robo a transeúnte en vía pública con violencia,SANTA FE,primera
2024-02-13,Robo a transeúnte en vía pública con violencia,SANTA FE,primera
2024-06-01,Robo a transeúnte en vía pública con violencia,SANTA FE,segunda
2024-05-25,Robo a transeúnte en vía pública con violencia,SANTA FE,segunda
2024-05-30,Robo a transeúnte en vía pública con violencia,SANTA FE,segunda
2024-04-02,Robo a transeúnte en vía pública con violencia,SANTA FE,segunda
2024-01-26,Robo a transeúnte en vía pública con violencia,SANTA FE,primera
2024-02-13,Robo a transeúnte en vía pública con violencia,SANTA FE,primera
2024-05-29,Robo de vehículo sin violencia,SANTA FE,segunda
2024-02-26,Robo de vehículo sin violencia,SANTA FE,primera
2024-02-22,Lesiones dolosas por disparo de arma de fuego,SANTA FE,primera
2024-06-09,Robo de vehículo sin violencia,CLAVERIA,segunda
2024-05-21,Robo a transeúnte en vía pública con violencia,CLAVERIA,segunda
2024-04-07,Robo a negocio con violencia,SANTA FE,segunda
2024-04-13,Robo a transeúnte en vía pública con violencia,SANTA FE,segunda
2024-04-04,Robo a negocio con violencia,SANTA FE,segunda
2024-02-18,Homicidio doloso,SANTA FE,primera
2024-06-24,Robo a negocio con violencia,SANTA FE,segunda
2024-03-21,Robo a negocio con violencia,SANTA FE,primera
2024-06-10,Robo a negocio con violencia,SANTA FE,segunda
2024-03-30,Robo a negocio con violencia,SANTA FE,primera
2024-06-19,Robo a transeúnte en vía pública con violencia,SANTA FE,segunda
2024-04-29,Robo a transeúnte en vía pública con violencia,SANTA FE,segunda
2024-01-08,Robo de vehículo sin violencia,SANTA FE,primera
2024-05-26,Robo a transeúnte en vía pública con violencia,SANTA FE,segunda
2024-04-09,Robo a transeúnte en vía pública con violencia,SANTA FE,segunda
2024-05-12,Robo a transeúnte en vía pública con violencia,SANTA FE,segunda
2024-03-23,Robo a transeúnte en vía pública con violencia,SANTA FE,primera
2024-03-20,Robo de vehículo sin violencia,SANTA FE,primera
2024-02-23,Robo a transeúnte en vía pública con violencia,SANTA FE,primera
2024-06-11,Robo a transeúnte en vía pública con violencia,SANTA FE,segunda
2024-05-10,Robo de vehículo sin violencia,SANTA FE,segunda
2024-01-05,Robo a transeúnte en vía pública con violencia,SANTA FE,primera
2024-05-22,Robo a repartidor con y sin violencia,SANTA FE,segunda
2024-01-19,Robo a transeúnte en vía pública con violencia,SANTA FE,primera
2024-01-19,Robo de vehículo con violencia,CLAVERIA,primera
2024-02-06,Robo a transeúnte en vía pública con violencia,SANTA FE,primera
2024-04-06,Robo de vehículo sin violencia,SANTA FE,segunda
2024-06-17,Robo de vehículo sin violencia,SANTA FE,segunda
2024-03-19,Robo a transeúnte en vía pública con violencia,SANTA FE,primera
2024-02-19,Robo a transeúnte en vía pública con violencia,SANTA FE,primera
2024-04-07,Robo a transeúnte en vía pública con violencia,SANTA FE,segunda
2024-04-10,Robo a transeúnte en vía pública con violencia,SANTA FE,segunda
2024-02-16,Robo de vehículo sin violencia,SANTA FE,primera
2024-01-11,Robo a transeúnte en vía pública con violencia,SANTA FE,primera
2024-02-26,Robo a transeúnte en vía pública con violencia,SANTA FE,primera
2024-06-16,Robo de vehículo sin violencia,SANTA FE,segunda
2024-06-10,Robo a transeúnte en vía pública con violencia,CLAVERIA,segunda
2024-05-13,Robo a transeúnte en vía pública con violencia,SANTA FE,segunda
2024-06-07,Robo de vehículo con violencia,CLAVERIA,segunda
2024-02-10,Robo a transeúnte en vía pública con violencia,CLAVERIA,primera
2024-01-10,Robo a transeúnte en vía pública con violencia,CLAVERIA,primera
2024-02-18,Robo de vehículo sin violencia,CLAVERIA,primera
2024-03-17,Robo a negocio con violencia,CLAVERIA,primera
2024-05-16,Robo a cuentahabiente saliendo del cajero con violencia,CLAVERIA,segunda
2024-02-25,Homicidio doloso,SANTA FE,primera
2024-05-06,Robo a negocio con violencia,CLAVERIA,segunda
2024-05-11,Robo a negocio con violencia,CLAVERIA,segunda
2024-02-05,Robo a casa habitación con violencia,CLAVERIA,primera
2024-01-10,Robo a negocio con violencia,CLAVERIA,primera
2024-06-15,Homicidio doloso,SANTA FE,segunda
2024-06-09,Robo de vehículo sin violencia,SANTA FE,segunda
2024-06-30,Robo de vehículo sin violencia,SANTA FE,segunda
2024-05-30,Robo de vehículo sin violencia,SANTA FE,segunda
2024-03-15,Robo a transeúnte en vía pública con violencia,SANTA FE,primera
2024-02-28,Robo a transeúnte en vía pública con violencia,SANTA FE,primera
2024-01-16,Robo a transeúnte en vía pública con violencia,CLAVERIA,primera
2024-02-24,Robo a casa habitación con violencia,SANTA FE,primera
2024-06-04,Robo a transeúnte en vía pública con violencia,SANTA FE,segunda
2024-05-01,Robo a pasajero a bordo de microbús con y sin violencia,SANTA FE,segunda
2024-03-04,Robo a transeúnte en vía pública con violencia,CLAVERIA,primera
2024-03-20,Robo a transeúnte en vía pública con violencia,CLAVERIA,primera
2024-03-17,Robo a transeúnte en vía pública con violencia,CLAVERIA,primera
2024-03-17,Homicidio doloso,SANTA FE,primera
2024-01-31,Robo a transeúnte en vía pública con violencia,CLAVERIA,primera
2024-01-21,Robo de vehículo sin violencia,CLAVERIA,primera
2024-04-21,Robo a transeúnte en vía pública con violencia,CLAVERIA,segunda
2024-01-03,Robo de vehículo sin violencia,CLAVERIA,primera
2024-03-08,Robo de vehículo sin violencia,CLAVERIA,primera
2024-04-15,Robo a negocio con violencia,SANTA FE,segunda
2024-01-21,Homicidio doloso,SANTA FE,primera
2024-06-09,Lesiones dolosas por disparo de arma de fuego,SANTA FE,segunda
2024-05-03,Robo a transeúnte en vía pública con violencia,CLAVERIA,segunda
2024-02-12,Robo a negocio con violencia,CLAVERIA,primera
2024-02-13,Robo a negocio con violencia,CLAVERIA,primera
2024-05-09,Robo de vehículo sin violencia,CLAVERIA,segunda
2024-06-02,Robo de vehículo sin violencia,CLAVERIA,segunda
2024-05-23,Robo a transeúnte en vía pública con violencia,CLAVERIA,segunda
2024-03-04,Robo de vehículo sin violencia,CLAVERIA,primera
2024-03-14,Robo a transeúnte en vía pública con violencia,CLAVERIA,primera
2024-01-15,Robo a negocio con violencia,CLAVERIA,primera
2024-03-20,Robo a transportista con y sin violencia,CLAVERIA,primera
2024-01-03,Robo a negocio con violencia,CLAVERIA,primera
2024-03-29,Robo a negocio con violencia,CLAVERIA,primera
2024-02-15,Robo a negocio con violencia,CLAVERIA,primera
2024-05-23,Robo a negocio con violencia,CLAVERIA,segunda
2024-06-23,Homicidio doloso,CLAVERIA,segunda
2024-05-28,Robo de vehículo sin violencia,CLAVERIA,segunda
2024-06-01,Robo de vehículo sin violencia,CLAVERIA,segunda
2024-02-08,Robo a transeúnte en vía pública con violencia,CLAVERIA,primera
2024-05-10,Robo a transeúnte en vía pública con violencia,CLAVERIA,segunda
2024-04-16,Robo a transeúnte en vía pública con violencia,CLAVERIA,segunda
2024-06-22,Robo a negocio con violencia,CLAVERIA,segunda
2024-04-13,Robo a transeúnte en vía pública con violencia,CLAVERIA,segunda
2024-05-21,Robo a negocio con violencia,CLAVERIA,segunda
2024-03-05,Robo a transeúnte en vía pública con violencia,CLAVERIA,primera
2024-01-08,Robo a transeúnte en vía pública con violencia,CLAVERIA,primera
2024-06-07,Robo a negocio con violencia,CLAVERIA,segunda
2024-01-20,Robo a transeúnte en vía pública con violencia,CLAVERIA,primera
2024-01-03,Robo a transeúnte en vía pública con violencia,CLAVERIA,primera
2024-04-29,Robo a negocio con violencia,CLAVERIA,segunda
2024-01-27,Robo a transeúnte en vía pública con violencia,CLAVERIA,primera
2024-01-23,Robo a transeúnte en vía pública con violencia,CLAVERIA,primera
2024-01-04,Robo de vehículo sin violencia,CLAVERIA,primera
2024-06-08,Robo a transeúnte en vía pública con violencia,CLAVERIA,segunda
2024-06-05,Robo a transeúnte en vía pública con violencia,CLAVERIA,segunda
2024-05-31,Robo a transeúnte en vía pública con violencia,CLAVERIA,segunda
2024-01-09,Robo a transeúnte en vía pública con violencia,CLAVERIA,primera
2024-02-21,Robo a transeúnte en vía pública con violencia,CLAVERIA,primera
2024-06-17,Homicidio doloso,CLAVERIA,segunda
2024-04-30,Robo a negocio con violencia,CLAVERIA,segunda
2024-05-16,Robo a negocio con violencia,CLAVERIA,segunda
2024-01-29,Robo a negocio con violencia,CLAVERIA,primera
2024-01-24,Robo a negocio con violencia,CLAVERIA,primera
2024-01-24,Robo a negocio con violencia,CLAVERIA,primera
2024-01-08,Robo a negocio con violencia,CLAVERIA,primera
2024-04-25,Robo de vehículo sin violencia,CLAVERIA,segunda
2024-01-27,Robo de vehículo sin violencia,CLAVERIA,primera
2024-04-20,Robo a transeúnte en vía pública con violencia,CLAVERIA,segunda
2024-05-14,Robo de vehículo sin violencia,CLAVERIA,segunda
2024-04-01,Robo a transeúnte en vía pública con violencia,CLAVERIA,segunda
2024-02-12,Robo a transeúnte en vía pública con violencia,CUITLAHUAC,primera
2024-01-22,Robo a transeúnte en vía pública con violencia,CLAVERIA,primera
2024-04-12,Robo a transeúnte en vía pública con violencia,CLAVERIA,segunda
2024-04-11,Robo a negocio con violencia,CLAVERIA,segunda
2024-01-02,Robo a transeúnte en vía pública con violencia,CLAVERIA,primera
2024-03-26,Robo a transeúnte en vía pública con violencia,CUITLAHUAC,primera
2024-04-21,Robo de vehículo sin violencia,CUITLAHUAC,segunda
2024-04-10,Robo de vehículo sin violencia,CLAVERIA,segunda
2024-05-16,Robo a transeúnte en vía pública con violencia,CLAVERIA,segunda
2024-05-22,Robo a transeúnte en vía pública con violencia,CLAVERIA,segunda
2024-01-09,Robo a transeúnte en vía pública con violencia,CLAVERIA,primera
2024-04-04,Robo de vehículo con violencia,CLAVERIA,segunda
2024-06-30,Homicidio doloso,CUITLAHUAC,segunda
2024-06-17,Robo a cuentahabiente saliendo del cajero con violencia,CLAVERIA,segunda
2024-06-29,Robo de vehículo sin violencia,CUITLAHUAC,segunda
2024-02-01,Robo a transeúnte en vía pública con violencia,CLAVERIA,primera
2024-03-22,Robo a transeúnte en vía pública con violencia,CLAVERIA,primera
2024-06-06,Robo a transeúnte en vía pública con violencia,CLAVERIA,segunda
2024-03-07,Robo a transeúnte en vía pública con violencia,CLAVERIA,primera
2024-04-13,Robo de vehículo sin violencia,CLAVERIA,segunda
2024-06-24,Robo a negocio con violencia,CLAVERIA,segunda
2024-06-17,Robo a negocio con violencia,CLAVERIA,segunda
2024-02-11,Robo a transeúnte en vía pública con violencia,CLAVERIA,primera
2024-01-18,Robo a transeúnte en vía pública con violencia,CLAVERIA,primera
2024-06-06,Robo de vehículo sin violencia,CLAVERIA,segunda
2024-01-04,Robo a transeúnte en vía pública con violencia,CLAVERIA,primera
2024-03-15,Robo de vehículo sin violencia,CLAVERIA,primera
2024-06-12,Robo de vehículo sin violencia,CLAVERIA,segunda
2024-06-21,Robo a transeúnte en vía pública con violencia,CLAVERIA,segunda
2024-01-15,Robo a transeúnte en vía pública con violencia,CLAVERIA,primera
2024-04-03,Robo a transeúnte en vía pública con violencia,CLAVERIA,segunda
2024-02-02,Robo de vehículo sin violencia,CLAVERIA,primera
2024-06-15,Robo de vehículo sin violencia,CUITLAHUAC,segunda
2024-04-02,Robo a transeúnte en vía pública con violencia,CUITLAHUAC,segunda
2024-02-28,Robo a negocio con violencia,CUITLAHUAC,primera
2024-03-23,Robo a negocio con violencia,CLAVERIA,primera
2024-05-13,Robo de vehículo con violencia,CLAVERIA,segunda
2024-04-17,Robo de vehículo sin violencia,CLAVERIA,segunda
2024-03-28,Robo a transeúnte en vía pública con violencia,CLAVERIA,primera
2024-05-30,Robo a transeúnte en vía pública con violencia,CLAVERIA,segunda
2024-01-09,Robo a transeúnte en vía pública con violencia,CLAVERIA,primera
2024-03-14,Robo a transeúnte en vía pública con violencia,CLAVERIA,primera
2024-04-11,Robo a repartidor con y sin violencia,CLAVERIA,segunda
2024-02-07,Robo a negocio con violencia,CLAVERIA,primera
2024-06-30,Robo a transeúnte en vía pública con violencia,CUITLAHUAC,segunda
2024-03-11,Robo a transeúnte en vía pública con violencia,CUITLAHUAC,primera
2024-03-15,Robo de vehículo sin violencia,CUITLAHUAC,primera
2024-05-03,Robo a negocio con violencia,CUITLAHUAC,segunda
2024-01-11,Robo a pasajero a bordo de microbús con y sin violencia,CUITLAHUAC,primera
2024-05-12,Robo de vehículo sin violencia,CUITLAHUAC,segunda
2024-06-22,Robo a transeúnte en vía pública con violencia,CUITLAHUAC,segunda
2024-01-22,Robo a transeúnte en vía pública con violencia,CUITLAHUAC,primera
2024-03-23,Robo de vehículo sin violencia,CUITLAHUAC,primera
2024-05-08,Robo a transeúnte en vía pública con violencia,CUITLAHUAC,segunda
2024-01-27,Robo de vehículo sin violencia,CUITLAHUAC,primera
2024-03-21,Robo de vehículo sin violencia,CUITLAHUAC,primera
2024-02-19,Robo a negocio con violencia,CUITLAHUAC,primera
2024-05-23,Robo a transeúnte en vía pública con violencia,CUITLAHUAC,segunda
2024-02-05,Robo de vehículo sin violencia,CUITLAHUAC,primera
2024-04-11,Robo de vehículo sin violencia,CUITLAHUAC,segunda
2024-05-02,Robo de vehículo sin violencia,CUITLAHUAC,segunda
2024-01-04,Robo a transeúnte en vía pública con violencia,CUITLAHUAC,primera
2024-05-18,Robo de vehículo sin violencia,CUITLAHUAC,segunda
2024-02-12,Robo a negocio con violencia,CUITLAHUAC,primera
2024-02-02,Robo de vehículo con violencia,CUITLAHUAC,primera
2024-04-17,Lesiones dolosas por disparo de arma de fuego,PLATEROS,segunda
2024-03-10,Robo a negocio con violencia,PLATEROS,primera
2024-04-17,Robo a repartidor con y sin violencia,PLATEROS,segunda
2024-02-17,Robo a repartidor con y sin violencia,PLATEROS,primera
2024-05-14,Robo a transeúnte en vía pública con violencia,PLATEROS,segunda
2024-04-01,Robo a repartidor con y sin violencia,CUITLAHUAC,segunda
2024-02-27,Robo a pasajero a bordo de microbús con y sin violencia,CUITLAHUAC,primera
2024-04-04,Robo a transeúnte en vía pública con violencia,CUITLAHUAC,segunda
2024-04-07,Robo a transeúnte en vía pública con violencia,CUITLAHUAC,segunda
2024-05-04,Robo a transeúnte en vía pública con violencia,CUITLAHUAC,segunda
2024-05-20,Robo a transeúnte en vía pública con violencia,CUITLAHUAC,segunda
2024-03-17,Robo a negocio con violencia,CUITLAHUAC,primera
2024-03-06,Robo de vehículo sin violencia,CUITLAHUAC,primera
2024-05-02,Robo a transeúnte en vía pública con violencia,CUITLAHUAC,segunda
2024-02-08,Robo de vehículo sin violencia,HORMIGA,primera
2024-03-01,Robo de vehículo sin violencia,HORMIGA,primera
2024-06-27,Robo de vehículo sin violencia,HORMIGA,segunda
2024-04-22,Homicidio doloso,HORMIGA,segunda
2024-02-14,Robo a transeúnte en vía pública con violencia,HORMIGA,primera
2024-03-18,Robo a transeúnte en vía pública con violencia,HORMIGA,primera
2024-03-05,Robo de vehículo sin violencia,HORMIGA,primera
2024-05-03,Robo de vehículo sin violencia,HORMIGA,segunda
2024-06-23,Robo de vehículo sin violencia,HORMIGA,segunda
2024-05-03,Robo de vehículo sin violencia,HORMIGA,segunda
2024-01-22,Robo a repartidor con y sin violencia,HORMIGA,primera
2024-05-30,Robo de vehículo sin violencia,HORMIGA,segunda
2024-05-28,Robo de vehículo sin violencia,HORMIGA,segunda
2024-06-11,Robo de vehículo sin violencia,HORMIGA,segunda
2024-01-07,Robo a transeúnte en vía pública con violencia,HORMIGA,primera
2024-05-23,Robo a transeúnte en vía pública con violencia,HORMIGA,segunda
2024-05-12,Robo a transeúnte en vía pública con violencia,HORMIGA,segunda
2024-04-07,Lesiones dolosas por disparo de arma de fuego,HORMIGA,segunda
2024-04-16,Robo a negocio con violencia,HORMIGA,segunda
2024-06-12,Robo a negocio con violencia,HORMIGA,segunda
2024-03-07,Robo de vehículo sin violencia,HORMIGA,primera
2024-05-15,Robo a transeúnte en vía pública con violencia,HORMIGA,segunda
2024-04-28,Robo a negocio con violencia,HORMIGA,segunda
2024-05-22,Robo a negocio con violencia,HORMIGA,segunda
2024-05-07,Robo a negocio con violencia,HORMIGA,segunda
2024-04-12,Robo a negocio con violencia,HORMIGA,segunda
2024-03-27,Robo a transeúnte en vía pública con violencia,HORMIGA,primera
2024-03-08,Robo a transeúnte en vía pública con violencia,HORMIGA,primera
2024-04-22,Robo a repartidor con y sin violencia,SANTA FE,segunda
2024-05-25,Robo a repartidor con y sin violencia,SANTA FE,segunda
2024-01-14,Robo a negocio con violencia,SANTA FE,primera
2024-04-08,Robo de vehículo sin violencia,HORMIGA,segunda
2024-01-03,Robo de vehículo sin violencia,HORMIGA,primera
2024-05-30,Robo a transeúnte en vía pública con violencia,HORMIGA,segunda
2024-04-06,Robo a transeúnte en vía pública con violencia,HORMIGA,segunda
2024-02-26,Robo de vehículo sin violencia,HORMIGA,primera
2024-02-28,Robo a transeúnte en vía pública con violencia,HORMIGA,primera
2024-06-02,Robo a transeúnte en vía pública con violencia,HORMIGA,segunda
2024-06-24,Robo a transeúnte en vía pública con violencia,HORMIGA,segunda
2024-04-12,Robo de vehículo sin violencia,HORMIGA,segunda
2024-05-24,Robo a transeúnte en vía pública con violencia,HORMIGA,segunda
2024-05-01,Robo de vehículo sin violencia,HORMIGA,segunda
2024-04-01,Robo de vehículo sin violencia,HORMIGA,segunda
2024-04-03,Robo de vehículo sin violencia,HORMIGA,segunda
2024-03-23,Robo de vehículo sin violencia,HORMIGA,primera
2024-03-26,Robo a transeúnte en vía pública con violencia,HORMIGA,primera
2024-04-12,Robo de vehículo sin violencia,HORMIGA,segunda
2024-03-09,Robo de vehículo sin violencia,HORMIGA,primera
2024-05-20,Robo a transeúnte en vía pública con violencia,HORMIGA,segunda
2024-05-10,Robo de vehículo sin violencia,HORMIGA,segunda
2024-01-13,Robo a transeúnte en vía pública con violencia,HORMIGA,primera
2024-03-20,Robo a pasajero a bordo de microbús con y sin violencia,HORMIGA,primera
2024-02-03,Robo a transeúnte en vía pública con violencia,HORMIGA,primera
2024-03-26,Robo de vehículo con violencia,HORMIGA,primera
2024-02-23,Robo a transeúnte en vía pública con violencia,HORMIGA,primera
2024-01-16,Robo a transeúnte en vía pública con violencia,HORMIGA,primera
2024-04-27,Robo de vehículo con violencia,HORMIGA,segunda
2024-03-22,Robo de vehículo sin violencia,HORMIGA,primera
2024-05-11,Robo de vehículo sin violencia,HORMIGA,segunda
2024-01-24,Robo de vehículo sin violencia,HORMIGA,primera
2024-06-17,Robo a transeúnte en vía pública con violencia,HORMIGA,segunda
2024-01-04,Robo a transeúnte en vía pública con violencia,HORMIGA,primera
2024-04-13,Robo a transeúnte en vía pública con violencia,HORMIGA,segunda
2024-02-17,Robo de vehículo sin violencia,HORMIGA,primera
2024-03-04,Robo a negocio con violencia,HORMIGA,primera
2024-06-24,Robo a negocio con violencia,HORMIGA,segunda
2024-03-21,Robo a negocio con violencia,HORMIGA,primera
2024-02-17,Homicidio doloso,HORMIGA,primera
2024-04-04,Robo de vehículo sin violencia,HORMIGA,segunda
2024-04-13,Robo a transeúnte en vía pública con violencia,HORMIGA,segunda
2024-06-08,Robo a negocio con violencia,HORMIGA,segunda
2024-06-19,Robo a negocio con violencia,HORMIGA,segunda
2024-06-12,Robo a casa habitación con violencia,HORMIGA,segunda
2024-04-25,Robo a transeúnte en vía pública con violencia,HORMIGA,segunda
2024-06-10,Robo a transeúnte en vía pública con violencia,HORMIGA,segunda
2024-03-27,Robo de vehículo sin violencia,HORMIGA,primera
2024-03-11,Robo a transeúnte en vía pública con violencia,HORMIGA,primera
2024-01-31,Robo a negocio con violencia,HORMIGA,primera
2024-04-20,Robo a negocio con violencia,HORMIGA,segunda
2024-03-04,Robo a negocio con violencia,HORMIGA,primera
2024-03-04,Robo a negocio con violencia,HORMIGA,primera
2024-05-17,Robo a negocio con violencia,HORMIGA,segunda
2024-06-19,Robo a casa habitación con violencia,HORMIGA,segunda
2024-01-18,Robo a transeúnte en vía pública con violencia,HORMIGA,primera
2024-04-23,Robo de vehículo sin violencia,HORMIGA,segunda
2024-04-25,Robo de vehículo sin violencia,HORMIGA,segunda
2024-05-23,Robo a transeúnte en vía pública con violencia,HORMIGA,segunda
2024-02-23,Robo de vehículo con violencia,HORMIGA,primera
2024-06-25,Robo de vehículo sin violencia,HORMIGA,segunda
2024-06-16,Robo a transeúnte en vía pública con violencia,HORMIGA,segunda
2024-01-03,Robo a transeúnte en vía pública con violencia,HORMIGA,primera
2024-03-28,Robo a transeúnte en vía pública con violencia,HORMIGA,primera
2024-03-16,Robo a transeúnte en vía pública con violencia,HORMIGA,primera
2024-01-31,Robo a transeúnte en vía pública con violencia,HORMIGA,primera
2024-01-17,Robo a transeúnte en vía pública con violencia,HORMIGA,primera
2024-06-20,Robo a transeúnte en vía pública con violencia,HORMIGA,segunda
2024-02-20,Robo a transeúnte en vía pública con violencia,HORMIGA,primera
2024-02-18,Robo de vehículo con violencia,HORMIGA,primera
2024-02-22,Robo a transeúnte en vía pública con violencia,HORMIGA,primera
2024-06-24,Robo a transeúnte en vía pública con violencia,HORMIGA,segunda
2024-01-17,Robo de vehículo sin violencia,HORMIGA,primera
2024-04-25,Robo a transeúnte en vía pública con violencia,HORMIGA,segunda
2024-05-20,Robo de vehículo sin violencia,LA RAZA,segunda
2024-05-15,Robo de vehículo con violencia,LA RAZA,segunda
2024-02-07,Robo a transeúnte en vía pública con violencia,LA RAZA,primera
2024-01-31,Robo a transeúnte en vía pública con violencia,LA RAZA,primera
2024-05-09,Robo de vehículo sin violencia,LA RAZA,segunda
2024-03-13,Robo a negocio con violencia,LA RAZA,primera
2024-01-29,Robo a pasajero a bordo de microbús con y sin violencia,LA RAZA,primera
2024-04-22,Robo a transeúnte en vía pública con violencia,LA RAZA,segunda
2024-05-16,Robo de vehículo con violencia,LA RAZA,segunda
2024-01-30,Robo de vehículo sin violencia,LA RAZA,primera
2024-02-19,Robo a repartidor con y sin violencia,LA RAZA,primera
2024-03-27,Robo de vehículo sin violencia,LA RAZA,primera
2024-02-09,Robo a negocio con violencia,LA RAZA,primera
2024-06-05,Robo a repartidor con y sin violencia,LA RAZA,segunda
2024-05-10,Robo de vehículo sin violencia,LA RAZA,segunda
2024-03-22,Robo a transeúnte en vía pública con violencia,LA RAZA,primera
2024-02-13,Robo a transeúnte en vía pública con violencia,LA RAZA,primera
2024-01-28,Robo a transeúnte en vía pública con violencia,LA RAZA,primera
2024-03-01,Robo a transportista con y sin violencia,LA RAZA,primera
2024-04-02,Homicidio doloso,LA RAZA,segunda
2024-06-10,Robo a negocio con violencia,LA RAZA,segunda
2024-01-26,Robo a transeúnte en vía pública con violencia,LA RAZA,primera
2024-04-23,Robo de vehículo con violencia,LA RAZA,segunda
2024-01-11,Robo a transeúnte en vía pública con violencia,LA RAZA,primera
2024-01-27,Robo a transeúnte en vía pública con violencia,LA RAZA,primera
2024-02-03,Robo de vehículo sin violencia,LA RAZA,primera
2024-04-20,Robo a transeúnte en vía pública con violencia,LA RAZA,segunda
2024-04-22,Robo a transeúnte en vía pública con violencia,LA RAZA,segunda
2024-02-10,Homicidio doloso,LA RAZA,primera
2024-01-10,Robo a negocio con violencia,LA RAZA,primera
2024-02-05,Robo de vehículo sin violencia,LA RAZA,primera
2024-05-07,Robo de vehículo sin violencia,LA RAZA,segunda
2024-04-27,Robo a transeúnte en vía pública con violencia,LA RAZA,segunda
2024-06-28,Robo a transeúnte en vía pública con violencia,LA RAZA,segunda
2024-06-28,Robo a transeúnte en vía pública con violencia,LA RAZA,segunda
2024-02-05,Robo de vehículo sin violencia,LA RAZA,primera
2024-03-19,Robo de vehículo sin violencia,LA RAZA,primera
2024-05-27,Robo de vehículo sin violencia,LA RAZA,segunda
2024-03-20,Homicidio doloso,LA RAZA,primera
2024-04-23,Robo a negocio con violencia,LA RAZA,segunda
2024-01-11,Robo de vehículo con violencia,LA RAZA,primera
2024-02-05,Robo a transeúnte en vía pública con violencia,LA RAZA,primera
2024-04-13,Robo a transeúnte en vía pública con violencia,LA RAZA,segunda
2024-03-26,Robo de vehículo sin violencia,LA RAZA,primera
2024-05-31,Robo a transeúnte en vía pública con violencia,LA RAZA,segunda
2024-04-14,Robo a negocio con violencia,LA RAZA,segunda
2024-05-16,Robo de vehículo sin violencia,LA RAZA,segunda
2024-06-01,Homicidio doloso,LA RAZA,segunda
2024-04-04,Robo a transeúnte en vía pública con violencia,LA RAZA,segunda
2024-04-26,Robo a transeúnte en vía pública con violencia,LA RAZA,segunda
2024-03-26,Robo de vehículo sin violencia,LA RAZA,primera
2024-01-25,Robo a transeúnte en vía pública con violencia,LA RAZA,primera
2024-04-10,Robo a transeúnte en vía pública con violencia,LA RAZA,segunda
2024-05-29,Robo a transeúnte en vía pública con violencia,LA RAZA,segunda
2024-05-06,Robo a transeúnte en vía pública con violencia,CUAJIMALPA,segunda
2024-06-06,Robo a negocio con violencia,CUAJIMALPA,segunda
2024-06-25,Robo de vehículo sin violencia,CUAJIMALPA,segunda
2024-06-27,Robo de vehículo con violencia,CUAJIMALPA,segunda
2024-06-16,Robo a transeúnte en vía pública con violencia,CUAJIMALPA,segunda
2024-05-23,Robo a transeúnte en vía pública con violencia,CUAJIMALPA,segunda
2024-05-13,Robo a transeúnte en vía pública con violencia,CUAJIMALPA,segunda
2024-06-25,Robo a transeúnte en vía pública con violencia,CUAJIMALPA,segunda
2024-02-14,Robo a transeúnte en vía pública con violencia,CUAJIMALPA,primera
2024-04-03,Robo a negocio con violencia,CUAJIMALPA,segunda
2024-05-26,Robo a transeúnte en vía pública con violencia,CUAJIMALPA,segunda
2024-01-11,Robo de vehículo sin violencia,CUAJIMALPA,primera
2024-06-11,Robo de vehículo con violencia,CUAJIMALPA,segunda
2024-01-13,Robo de vehículo sin violencia,CUAJIMALPA,primera
2024-01-15,Robo de vehículo sin violencia,EL YAQUI,primera
2024-04-08,Robo a transeúnte en vía pública con violencia,CUAJIMALPA,segunda
2024-05-01,Robo a transeúnte en vía pública con violencia,CUAJIMALPA,segunda
2024-01-14,Robo de vehículo sin violencia,CUAJIMALPA,primera
2024-06-04,Robo de vehículo sin violencia,CUAJIMALPA,segunda
2024-01-16,Homicidio doloso,CUAJIMALPA,primera
2024-01-29,Robo a transeúnte en vía pública con violencia,CUAJIMALPA,primera
2024-01-24,Robo de vehículo sin violencia,CUAJIMALPA,primera
2024-03-06,Robo a transeúnte en vía pública con violencia,CUAJIMALPA,primera
2024-06-17,Homicidio doloso,CUAJIMALPA,segunda
2024-01-25,Robo a transeúnte en vía pública con violencia,EL YAQUI,primera
2024-01-12,Robo a negocio con violencia,EL YAQUI,primera
2024-04-15,Robo de vehículo con violencia,EL YAQUI,segunda
2024-02-12,Robo de vehículo con violencia,EL YAQUI,primera
2024-03-01,Robo de vehículo sin violencia,EL YAQUI,primera
2024-05-25,Secuestro,EL YAQUI,segunda
2024-04-27,Robo a negocio con violencia,EL YAQUI,segunda
2024-04-13,Robo a transeúnte en vía pública con violencia,EL YAQUI,segunda
2024-01-19,Robo de vehículo sin violencia,EL YAQUI,primera
2024-01-06,Robo a negocio con violencia,EL YAQUI,primera
2024-05-22,Robo a negocio con violencia,EL YAQUI,segunda
2024-06-07,Robo a negocio con violencia,EL YAQUI,segunda
2024-02-09,Robo a transeúnte en vía pública con violencia,SANTA FE,primera
2024-01-09,Robo a transeúnte en vía pública con violencia,SANTA FE,primera
2024-02-01,Robo a transeúnte en vía pública con violencia,SANTA FE,primera
2024-03-14,Robo a transeúnte en vía pública con violencia,SANTA FE,primera
2024-04-09,Robo a transeúnte en vía pública con violencia,SANTA FE,segunda
2024-02-17,Robo a transeúnte en vía pública con violencia,SANTA FE,primera
2024-06-16,Robo de vehículo sin violencia,SANTA FE,segunda
2024-05-21,Robo a transeúnte en vía pública con violencia,SANTA FE,segunda
2024-04-20,Robo a negocio con violencia,EL YAQUI,segunda
2024-02-10,Robo a transeúnte en vía pública con violencia,EL YAQUI,primera
2024-06-13,Robo de vehículo sin violencia,EL YAQUI,segunda
2024-06-25,Robo a transeúnte en vía pública con violencia,EL YAQUI,segunda
2024-04-01,Robo de vehículo con violencia,EL YAQUI,segunda
2024-02-27,Robo de vehículo sin violencia,EL YAQUI,primera
2024-01-15,Robo de vehículo sin violencia,POLANCO-CASTILLO,primera
2024-02-28,Robo de vehículo sin violencia,POLANCO-CASTILLO,primera
2024-05-10,Robo de vehículo sin violencia,EL YAQUI,segunda
2024-06-27,Robo a transeúnte en vía pública con violencia,EL YAQUI,segunda
2024-01-20,Robo a transeúnte en vía pública con violencia,EL YAQUI,primera
2024-05-20,Robo a transeúnte en vía pública con violencia,EL YAQUI,segunda
2024-06-26,Robo a transeúnte en vía pública con violencia,EL YAQUI,segunda
2024-06-12,Robo de vehículo sin violencia,POLANCO-CASTILLO,segunda
2024-04-30,Robo de vehículo sin violencia,POLANCO-CASTILLO,segunda
2024-02-11,Robo a transeúnte en vía pública con violencia,POLANCO-CASTILLO,primera
2024-02-29,Robo a negocio con violencia,CHAPULTEPEC,primera
2024-02-02,Robo a transeúnte en vía pública con violencia,POLANCO-CASTILLO,primera
2024-04-27,Robo de vehículo sin violencia,CHAPULTEPEC,segunda
2024-04-29,Robo a casa habitación con violencia,CHAPULTEPEC,segunda
2024-05-31,Robo de vehículo sin violencia,POLANCO-CASTILLO,segunda
2024-03-29,Robo a transeúnte en vía pública con violencia,POLANCO-CASTILLO,primera
2024-05-27,Robo a negocio con violencia,CHAPULTEPEC,segunda
2024-03-13,Robo a transeúnte en vía pública con violencia,CHAPULTEPEC,primera
2024-01-27,Robo de vehículo sin violencia,CHAPULTEPEC,primera
2024-04-30,Robo a negocio con violencia,POLANCO-CASTILLO,segunda
2024-04-10,Robo a transeúnte en vía pública con violencia,CHAPULTEPEC,segunda
2024-01-31,Robo de vehículo sin violencia,CHAPULTEPEC,primera
2024-06-11,Robo de vehículo sin violencia,POLANCO-CASTILLO,segunda
2024-03-29,Robo a transeúnte en vía pública con violencia,POLANCO-CASTILLO,primera
2024-06-16,Robo de vehículo sin violencia,POLANCO-CASTILLO,segunda
2024-05-11,Robo de vehículo sin violencia,POLANCO-CASTILLO,segunda
2024-03-02,Robo a transeúnte en vía pública con violencia,POLANCO-CASTILLO,primera
2024-03-01,Robo a transeúnte en vía pública con violencia,POLANCO-CASTILLO,primera
2024-01-19,Robo a transeúnte en vía pública con violencia,POLANCO-CASTILLO,primera
2024-04-27,Robo a transeúnte en vía pública con violencia,POLANCO-CASTILLO,segunda
2024-04-23,Robo a transeúnte en vía pública con violencia,POLANCO-CASTILLO,segunda
2024-02-17,Robo a transeúnte en vía pública con violencia,POLANCO-CASTILLO,primera
2024-02-19,Robo de vehículo sin violencia,POLANCO-CASTILLO,primera
2024-02-10,Robo a transeúnte en vía pública con violencia,POLANCO-CASTILLO,primera
2024-06-16,Robo de vehículo sin violencia,POLANCO-CASTILLO,segunda
2024-06-08,Robo de vehículo con violencia,CUITLAHUAC,segunda
2024-04-22,Robo a transeúnte en vía pública con violencia,CUITLAHUAC,segunda
2024-04-11,Robo de vehículo sin violencia,CUITLAHUAC,segunda
2024-03-09,Robo a transeúnte en vía pública con violencia,CUITLAHUAC,primera
2024-02-23,Robo de vehículo sin violencia,CUITLAHUAC,primera
2024-05-22,Robo de vehículo con violencia,TACUBA,segunda
2024-01-27,Robo a transeúnte en vía pública con violencia,TACUBA,primera
2024-05-16,Robo a transeúnte en vía pública con violencia,TACUBA,segunda
2024-05-28,Robo a transeúnte en vía pública con violencia,POLANCO-CASTILLO,segunda
2024-05-01,Robo de vehículo sin violencia,POLANCO-CASTILLO,segunda
2024-06-20,Robo de vehículo sin violencia,POLANCO-CASTILLO,segunda
2024-03-05,Robo de vehículo con violencia,POLANCO-CASTILLO,primera
2024-04-15,Robo a transeúnte en vía pública con violencia,TACUBA,segunda
2024-03-16,Robo a transeúnte en vía pública con violencia,TACUBA,primera
2024-05-27,Robo a pasajero a bordo de taxi con violencia,POLANCO-CASTILLO,segunda
2024-01-31,Robo a negocio con violencia,POLANCO-CASTILLO,primera
2024-06-21,Robo de vehículo sin violencia,POLANCO-CASTILLO,segunda
2024-02-06,Robo a transeúnte en vía pública con violencia,POLANCO-CASTILLO,primera
2024-03-25,Robo a negocio con violencia,POLANCO-CASTILLO,primera
2024-03-22,Robo de vehículo sin violencia,POLANCO-CASTILLO,primera
2024-05-29,Robo a negocio con violencia,TACUBA,segunda
2024-05-06,Robo de vehículo sin violencia,TACUBA,segunda
2024-01-31,Robo a transeúnte en vía pública con violencia,TACUBA,primera
2024-06-08,Robo de vehículo sin violencia,SOTELO,segunda
2024-04-13,Robo a transeúnte en vía pública con violencia,SOTELO,segunda
2024-02-26,Robo de vehículo con violencia,SOTELO,primera
2024-06-27,Robo a transeúnte en vía pública con violencia,SOTELO,segunda
2024-06-15,Robo de vehículo sin violencia,SOTELO,segunda
2024-01-19,Robo a transeúnte en vía pública con violencia,SOTELO,primera
2024-03-17,Robo de vehículo sin violencia,SOTELO,primera
2024-04-29,Robo a pasajero a bordo de taxi con violencia,SOTELO,segunda
2024-06-19,Robo a transeúnte en vía pública con violencia,SOTELO,segunda
2024-06-03,Robo a negocio con violencia,SOTELO,segunda
2024-06-18,Robo a negocio con violencia,SOTELO,segunda
2024-06-08,Robo de vehículo sin violencia,SOTELO,segunda
2024-04-15,Robo a negocio con violencia,SOTELO,segunda
2024-06-10,Robo a transeúnte en vía pública con violencia,SOTELO,segunda
2024-06-21,Robo a transeúnte en vía pública con violencia,SOTELO,segunda
2024-02-22,Robo a transeúnte en vía pública con violencia,SOTELO,primera
2024-04-12,Robo de vehículo sin violencia,SOTELO,segunda
2024-04-30,Homicidio doloso,SOTELO,segunda
2024-05-10,Robo a negocio con violencia,SOTELO,segunda
2024-04-24,Robo a transeúnte en vía pública con violencia,SOTELO,segunda
2024-04-27,Robo a transeúnte en vía pública con violencia,SOTELO,segunda
2024-06-26,Robo a transeúnte en vía pública con violencia,SOTELO,segunda
2024-01-14,Robo a transeúnte en vía pública con violencia,SOTELO,primera
2024-06-24,Robo a transeúnte en vía pública con violencia,SOTELO,segunda
2024-01-12,Robo a transeúnte en vía pública con violencia,SOTELO,primera
2024-04-18,Robo a negocio con violencia,SOTELO,segunda
2024-02-04,Robo a repartidor con y sin violencia,SOTELO,primera
2024-06-04,Robo a transeúnte en vía pública con violencia,SOTELO,segunda
2024-05-02,Robo a transeúnte en vía pública con violencia,SOTELO,segunda
2024-03-05,Robo a transeúnte en vía pública con violencia,SOTELO,primera
2024-06-18,Robo a transeúnte en vía pública con violencia,SOTELO,segunda
2024-05-15,Robo a transeúnte en vía pública con violencia,SOTELO,segunda
2024-05-16,Robo de vehículo sin violencia,SOTELO,segunda
2024-02-09,Robo a transeúnte en vía pública con violencia,SOTELO,primera
2024-02-03,Robo a transeúnte en vía pública con violencia,SOTELO,primera
2024-06-03,Robo a transeúnte en vía pública con violencia,SOTELO,segunda
2024-04-29,Robo a transeúnte en vía pública con violencia,TACUBA,segunda
2024-05-02,Robo a transeúnte en vía pública con violencia,TACUBA,segunda
2024-01-29,Robo de vehículo sin violencia,SOTELO,primera
2024-02-22,Robo a transeúnte en vía pública con violencia,SOTELO,primera
2024-03-14,Robo a transeúnte en vía pública con violencia,SOTELO,primera
2024-06-24,Robo a negocio con violencia,SOTELO,segunda
2024-05-28,Robo a repartidor con y sin violencia,SOTELO,segunda
2024-04-19,Robo a negocio con violencia,SOTELO,segunda
2024-03-05,Robo a pasajero a bordo de microbús con y sin violencia,SOTELO,primera
2024-05-27,Robo a transeúnte en vía pública con violencia,SOTELO,segunda
2024-01-09,Robo a transeúnte en vía pública con violencia,SOTELO,primera
2024-03-02,Robo de vehículo sin violencia,SOTELO,primera
2024-04-12,Robo de vehículo sin violencia,SOTELO,segunda
2024-04-29,Robo a transeúnte en vía pública con violencia,SOTELO,segunda
2024-02-24,Robo de vehículo sin violencia,SOTELO,primera
2024-03-18,Homicidio doloso,TACUBA,primera
2024-06-30,Robo a transeúnte en vía pública con violencia,SOTELO,segunda
2024-01-31,Robo a transeúnte en vía pública con violencia,SOTELO,primera
2024-02-12,Robo a transeúnte en vía pública con violencia,SOTELO,primera
2024-02-20,Robo a transeúnte en vía pública con violencia,SOTELO,primera
2024-04-11,Robo de vehículo sin violencia,TACUBA,segunda
2024-02-16,Robo a transeúnte en vía pública con violencia,TACUBA,primera
2024-06-05,Robo de vehículo sin violencia,TACUBA,segunda
2024-04-01,Robo a transeúnte en vía pública con violencia,TACUBA,segunda
2024-04-29,Robo a transeúnte en vía pública con violencia,TACUBA,segunda
2024-05-22,Robo a transeúnte en vía pública con violencia,TACUBA,segunda
2024-02-12,Robo a transeúnte en vía pública con violencia,TACUBA,primera
2024-01-11,Robo a transeúnte en vía pública con violencia,TACUBA,primera
2024-03-03,Homicidio doloso,TACUBA,primera
2024-06-25,Robo a negocio con violencia,TACUBA,segunda
2024-02-24,Robo a transeúnte en vía pública con violencia,TACUBA,primera
2024-03-08,Robo a transeúnte en vía pública con violencia,TACUBA,primera
2024-01-08,Robo de vehículo sin violencia,TACUBA,primera
2024-02-19,Robo de vehículo sin violencia,TACUBA,primera
2024-06-10,Robo a negocio con violencia,TACUBA,segunda
2024-06-12,Robo de vehículo sin violencia,TACUBA,segunda
2024-04-25,Robo a transeúnte en vía pública con violencia,TACUBA,segunda
2024-03-17,Robo a transeúnte en vía pública con violencia,TACUBA,primera
2024-02-07,Robo a transeúnte en vía pública con violencia,TACUBA,primera
2024-05-16,Robo a transeúnte en vía pública con violencia,TACUBA,segunda
2024-06-11,Robo a negocio con violencia,TACUBA,segunda
2024-05-21,Robo de vehículo sin violencia,TACUBA,segunda
2024-04-24,Robo a transeúnte en vía pública con violencia,TACUBA,segunda
2024-05-28,Robo de vehículo con violencia,TACUBA,segunda
2024-04-24,Robo a transeúnte en vía pública con violencia,TACUBA,segunda
2024-04-19,Robo de vehículo sin violencia,TACUBA,segunda
2024-06-11,Robo a transeúnte en vía pública con violencia,TACUBA,segunda
2024-03-06,Robo de vehículo sin violencia,HORMIGA,primera
2024-02-04,Robo de vehículo sin violencia,HORMIGA,primera
2024-06-23,Robo a transeúnte en vía pública con violencia,HORMIGA,segunda
2024-04-25,Robo de vehículo sin violencia,HORMIGA,segunda
2024-02-01,Robo de vehículo sin violencia,HORMIGA,primera
2024-02-06,Robo de vehículo sin violencia,HORMIGA,primera
2024-01-22,Robo a transeúnte en vía pública con violencia,TACUBA,primera
2024-01-03,Robo de vehículo sin violencia,TACUBA,primera
2024-02-16,Robo a transeúnte en vía pública con violencia,TACUBA,primera
2024-01-09,Robo a transeúnte en vía pública con violencia,TACUBA,primera
2024-03-26,Robo a transeúnte en vía pública con violencia,TACUBA,primera
2024-06-30,Robo de vehículo sin violencia,TACUBA,segunda
2024-02-27,Robo de vehículo sin violencia,TACUBA,primera
2024-04-19,Robo de vehículo con violencia,TACUBA,segunda
2024-03-25,Robo a transeúnte en vía pública con violencia,EL YAQUI,primera
2024-06-29,Robo a transeúnte en vía pública con violencia,TACUBA,segunda
2024-02-17,Robo a transeúnte en vía pública con violencia,POLANCO-CASTILLO,primera
2024-02-05,Robo a negocio con violencia,POLANCO-CASTILLO,primera
2024-02-27,Robo a repartidor con y sin violencia,POLANCO-CASTILLO,primera
2024-05-14,Robo de vehículo sin violencia,POLANCO-CASTILLO,segunda
2024-06-07,Robo a transeúnte en vía pública con violencia,POLANCO-CASTILLO,segunda
2024-03-29,Robo a transeúnte en vía pública con violencia,TACUBA,primera
2024-03-14,Robo a transeúnte en vía pública con violencia,TACUBA,primera
2024-04-06,Robo a transeúnte en vía pública con violencia,TACUBA,segunda
2024-04-11,Robo de vehículo sin violencia,TACUBA,segunda
2024-06-02,Robo a negocio con violencia,TACUBA,segunda
2024-06-05,Robo a casa habitación con violencia,TACUBA,segunda
2024-06-25,Robo a transeúnte en vía pública con violencia,TACUBA,segunda
2024-01-17,Robo a transeúnte en vía pública con violencia,TACUBA,primera
2024-03-22,Robo a transeúnte en vía pública con violencia,TACUBA,primera
2024-04-14,Robo a transeúnte en vía pública con violencia,TACUBA,segunda
2024-03-09,Robo de vehículo sin violencia,TACUBA,primera
2024-01-19,Robo a transeúnte en vía pública con violencia,TACUBA,primera
2024-05-01,Robo a transeúnte en vía pública con violencia,TACUBA,segunda
2024-01-31,Robo a transeúnte en vía pública con violencia,TACUBA,primera
2024-04-18,Robo a transeúnte en vía pública con violencia,TACUBA,segunda
2024-04-07,Robo a transeúnte en vía pública con violencia,TACUBA,segunda
2024-04-12,Robo a transeúnte en vía pública con violencia,TACUBA,segunda
2024-05-03,Robo de vehículo sin violencia,TACUBA,segunda
2024-04-28,Robo de vehículo sin violencia,TACUBA,segunda
2024-05-19,Robo a transeúnte en vía pública con violencia,TACUBA,segunda
2024-06-08,Robo a repartidor con y sin violencia,TACUBA,segunda
2024-05-10,Robo de vehículo con violencia,TACUBA,segunda
2024-02-11,Robo a transeúnte en vía pública con violencia,TACUBA,primera
2024-01-07,Robo de vehículo con violencia,TACUBA,primera
2024-01-04,Robo a transeúnte en vía pública con violencia,TACUBA,primera
2024-05-27,Robo a transeúnte en vía pública con violencia,TACUBA,segunda
2024-05-28,Robo a transeúnte en vía pública con violencia,TACUBA,segunda
2024-06-17,Robo de vehículo sin violencia,TACUBA,segunda
2024-01-26,Robo de vehículo sin violencia,TACUBA,primera
2024-01-05,Robo a transeúnte en vía pública con violencia,TACUBA,primera
2024-05-27,Robo a negocio con violencia,TACUBA,segunda
2024-05-23,Robo a pasajero a bordo de microbús con y sin violencia,TACUBA,segunda
2024-05-23,Robo a negocio con violencia,TACUBA,segunda
2024-01-18,Robo a negocio con violencia,TACUBA,primera
2024-01-17,Robo a transeúnte en vía pública con violencia,TACUBA,primera
2024-06-10,Robo a repartidor con y sin violencia,TACUBA,segunda
2024-01-19,Robo a transeúnte en vía pública con violencia,TACUBA,primera
2024-01-06,Robo a transeúnte en vía pública con violencia,TACUBA,primera
2024-06-09,Robo a repartidor con y sin violencia,TACUBA,segunda
2024-06-08,Robo a repartidor con y sin violencia,TACUBA,segunda
2024-06-08,Robo a repartidor con y sin violencia,TACUBA,segunda
2024-06-14,Robo a transeúnte en vía pública con violencia,TACUBA,segunda
2024-04-15,Robo a transeúnte en vía pública con violencia,TACUBA,segunda
2024-06-19,Robo de vehículo sin violencia,TACUBA,segunda
2024-05-13,Robo de vehículo sin violencia,TACUBA,segunda
2024-02-01,Robo a negocio con violencia,TACUBA,primera
2024-04-30,Robo de vehículo sin violencia,TACUBA,segunda
2024-02-07,Robo a transeúnte en vía pública con violencia,TACUBA,primera
2024-06-21,Robo a transeúnte en vía pública con violencia,TACUBA,segunda
2024-06-08,Robo a transeúnte en vía pública con violencia,TACUBA,segunda
2024-03-09,Robo de vehículo con violencia,TACUBA,primera
2024-01-27,Robo a transeúnte en vía pública con violencia,TACUBA,primera
2024-01-19,Robo a transeúnte en vía pública con violencia,TACUBA,primera
2024-01-20,Robo a transeúnte en vía pública con violencia,TACUBA,primera
2024-05-16,Robo de vehículo sin violencia,TACUBA,segunda
2024-05-14,Robo a transeúnte en vía pública con violencia,TACUBA,segunda
2024-03-06,Robo a transeúnte en vía pública con violencia,TACUBA,primera
2024-06-11,Robo de vehículo sin violencia,TACUBA,segunda
2024-02-06,Robo a transeúnte en vía pública con violencia,TACUBA,primera
2024-02-29,Robo a transeúnte en vía pública con violencia,TACUBA,primera
2024-01-04,Homicidio doloso,TACUBA,primera
2024-05-28,Robo a transeúnte en vía pública con violencia,TACUBA,segunda
2024-05-07,Robo a transeúnte en vía pública con violencia,TACUBA,segunda
2024-06-17,Robo a negocio con violencia,TACUBA,segunda
2024-06-18,Robo a negocio con violencia,TACUBA,segunda
2024-06-21,Robo a negocio con violencia,TACUBA,segunda
2024-02-05,Homicidio doloso,TACUBA,primera
2024-02-26,Homicidio doloso,TACUBA,primera
2024-06-07,Robo a transeúnte en vía pública con violencia,TACUBA,segunda
2024-05-08,Robo a transeúnte en vía pública con violencia,TACUBA,segunda
2024-01-30,Robo a transeúnte en vía pública con violencia,TACUBA,primera
2024-01-31,Robo a transeúnte en vía pública con violencia,TACUBA,primera
2024-02-15,Robo a transeúnte en vía pública con violencia,TACUBA,primera
2024-01-09,Robo a transeúnte en vía pública con violencia,TACUBA,primera
2024-01-12,Robo a transeúnte en vía pública con violencia,TACUBA,primera
2024-04-24,Robo a negocio con violencia,TACUBA,segunda
2024-01-16,Robo a negocio con violencia,TACUBA,primera
2024-02-16,Robo a negocio con violencia,TACUBA,primera
2024-04-10,Robo a negocio con violencia,TACUBA,segunda
2024-03-12,Robo de vehículo sin violencia,TACUBA,primera
2024-01-26,Robo de vehículo sin violencia,TACUBA,primera
2024-03-13,Robo a transeúnte en vía pública con violencia,TACUBA,primera
2024-03-09,Robo a transeúnte en vía pública con violencia,TACUBA,primera
2024-05-03,Robo de vehículo sin violencia,TACUBA,segunda
2024-01-14,Robo a transeúnte en vía pública con violencia,TACUBA,primera
2024-06-16,Robo a transeúnte en vía pública con violencia,TACUBA,segunda
2024-02-11,Robo a transeúnte en vía pública con violencia,TACUBA,primera
2024-02-09,Robo a transeúnte en vía pública con violencia,TACUBA,primera
2024-04-20,Robo a transeúnte en vía pública con violencia,TACUBA,segunda
2024-04-06,Robo a transeúnte en vía pública con violencia,TACUBA,segunda
2024-03-18,Robo a transeúnte en vía pública con violencia,TACUBA,primera
2024-02-22,Robo a transeúnte en vía pública con violencia,TACUBAYA,primera
2024-01-30,Robo a transeúnte en vía pública con violencia,TACUBA,primera
2024-02-04,Robo a transeúnte en vía pública con violencia,TACUBA,primera
2024-06-07,Homicidio doloso,TACUBA,segunda
2024-05-23,Robo a transeúnte en vía pública con violencia,TACUBAYA,segunda
2024-06-29,Robo de vehículo sin violencia,TACUBAYA,segunda
2024-04-30,Robo a transeúnte en vía pública con violencia,TACUBAYA,segunda
2024-01-13,Robo a transeúnte en vía pública con violencia,TACUBAYA,primera
2024-02-25,Robo a transeúnte en vía pública con violencia,TACUBAYA,primera
2024-03-08,Robo a transeúnte en vía pública con violencia,TACUBAYA,primera
2024-05-26,Robo de vehículo sin violencia,TACUBAYA,segunda
2024-05-28,Robo de vehículo sin violencia,TACUBAYA,segunda
2024-05-05,Robo de vehículo sin violencia,TACUBAYA,segunda
2024-01-18,Robo de vehículo sin violencia,TACUBAYA,primera
2024-01-12,Robo a negocio con violencia,TACUBAYA,primera
2024-02-17,Robo a transeúnte en vía pública con violencia,TACUBAYA,primera
2024-06-21,Robo de vehículo sin violencia,TACUBAYA,segunda
2024-02-29,Robo de vehículo sin violencia,TACUBAYA,primera
2024-02-03,Robo a transeúnte en vía pública con violencia,TACUBAYA,primera
2024-02-02,Robo a negocio con violencia,TACUBAYA,primera
2024-01-13,Robo a transeúnte en vía pública con violencia,TACUBAYA,primera
2024-04-26,Robo a transeúnte en vía pública con violencia,TACUBAYA,segunda
2024-06-19,Robo a transeúnte en vía pública con violencia,TACUBAYA,segunda
2024-06-11,Robo a transeúnte en vía pública con violencia,TACUBAYA,segunda
2024-05-14,Robo a transeúnte en vía pública con violencia,TACUBAYA,segunda
2024-01-05,Robo a transeúnte en vía pública con violencia,TACUBAYA,primera
2024-03-15,Robo a transeúnte en vía pública con violencia,TACUBAYA,primera
2024-01-30,Robo de vehículo sin violencia,TACUBAYA,primera
2024-03-01,Robo a transeúnte en vía pública con violencia,TACUBAYA,primera
2024-01-25,Robo a transeúnte en vía pública con violencia,TACUBAYA,primera
2024-01-19,Robo a transeúnte en vía pública con violencia,TACUBAYA,primera
2024-04-11,Robo de vehículo sin violencia,TACUBAYA,segunda
2024-03-12,Lesiones dolosas por disparo de arma de fuego,TACUBAYA,primera
2024-02-10,Homicidio doloso,TACUBAYA,primera
2024-04-21,Robo de vehículo sin violencia,DEL VALLE,segunda
2024-01-09,Robo a transeúnte en vía pública con violencia,DEL VALLE,primera
2024-06-08,Robo a transeúnte en vía pública con violencia,TACUBAYA,segunda
2024-05-07,Robo de vehículo sin violencia,TACUBAYA,segunda
2024-03-12,Robo de vehículo sin violencia,TACUBAYA,primera
2024-05-03,Robo a transeúnte en vía pública con violencia,TACUBAYA,segunda
2024-05-10,Robo a transeúnte en vía pública con violencia,TACUBAYA,segunda
2024-05-13,Robo a transeúnte en vía pública con violencia,TACUBAYA,segunda
2024-03-31,Robo de vehículo sin violencia,TACUBAYA,primera
2024-04-17,Robo de vehículo sin violencia,TACUBAYA,segunda
2024-04-09,Robo de vehículo sin violencia,TACUBAYA,segunda
2024-06-01,Robo a transeúnte en vía pública con violencia,TACUBAYA,segunda
2024-01-17,Robo a negocio con violencia,TACUBAYA,primera
2024-03-26,Robo de vehículo sin violencia,TACUBAYA,primera
2024-05-16,Robo a transeúnte en vía pública con violencia,TACUBAYA,segunda
2024-04-13,Robo a transeúnte en vía pública con violencia,TACUBA,segunda
2024-05-31,Robo de vehículo sin violencia,TACUBA,segunda
2024-06-15,Robo de vehículo sin violencia,TACUBA,segunda
2024-03-30,Robo a negocio con violencia,TACUBA,primera
2024-02-19,Robo a transeúnte en vía pública con violencia,TACUBA,primera
2024-02-08,Robo a transeúnte en vía pública con violencia,TACUBAYA,primera
2024-02-25,Robo de vehículo sin violencia,TACUBAYA,primera
2024-06-24,Robo a transeúnte en vía pública con violencia,TACUBAYA,segunda
2024-02-13,Robo a transeúnte en vía pública con violencia,TACUBAYA,primera
2024-06-13,Robo a transeúnte en vía pública con violencia,TACUBAYA,segunda
2024-06-07,Robo de vehículo sin violencia,TACUBA,segunda
2024-06-18,Robo a transeúnte en vía pública con violencia,TACUBA,segunda
2024-05-01,Robo de vehículo con violencia,TACUBA,segunda
2024-04-03,Robo a negocio con violencia,TACUBA,segunda
2024-03-19,Robo a negocio con violencia,TACUBA,primera
2024-05-04,Robo a negocio con violencia,TACUBA,segunda
2024-01-31,Robo de vehículo sin violencia,TACUBA,primera
2024-05-07,Robo a transeúnte en vía pública con violencia,TACUBA,segunda
2024-02-28,Robo de vehículo sin violencia,TACUBA,primera
2024-02-24,Robo a transeúnte en vía pública con violencia,TACUBA,primera
2024-01-31,Robo de vehículo sin violencia,TACUBA,primera
2024-04-26,Robo de vehículo sin violencia,TACUBA,segunda
2024-01-30,Robo a transeúnte en vía pública con violencia,TACUBA,primera
2024-02-16,Robo de vehículo sin violencia,TACUBA,primera
2024-03-23,Robo a transeúnte en vía pública con violencia,TACUBAYA,primera
2024-05-10,Robo a transeúnte en vía pública con violencia,TACUBAYA,segunda
2024-01-20,Robo a transeúnte en vía pública con violencia,TACUBAYA,primera
2024-01-23,Robo a transeúnte en vía pública con violencia,TACUBAYA,primera
2024-02-03,Robo a transeúnte en vía pública con violencia,TACUBAYA,primera
2024-01-16,Robo de vehículo con violencia,TACUBAYA,primera
2024-01-13,Robo a transeúnte en vía pública con violencia,TACUBAYA,primera
2024-04-02,Robo a transeúnte en vía pública con violencia,TACUBAYA,segunda
2024-03-21,Robo a transeúnte en vía pública con violencia,TACUBAYA,primera
2024-04-08,Robo a transeúnte en vía pública con violencia,TACUBAYA,segunda
2024-02-19,Robo a transeúnte en vía pública con violencia,TACUBAYA,primera
2024-03-18,Robo a transeúnte en vía pública con violencia,TACUBAYA,primera
2024-03-06,Robo a transeúnte en vía pública con violencia,TACUBAYA,primera
2024-03-05,Robo a transeúnte en vía pública con violencia,TACUBAYA,primera
2024-03-10,Robo a transeúnte en vía pública con violencia,TACUBAYA,primera
2024-03-14,Robo de vehículo sin violencia,DEL VALLE,primera
2024-04-02,Robo de vehículo sin violencia,DEL VALLE,segunda
2024-03-16,Robo de vehículo con violencia,DEL VALLE,primera
2024-05-21,Robo de vehículo sin violencia,DEL VALLE,segunda
2024-05-28,Robo a transeúnte en vía pública con violencia,DEL VALLE,segunda
2024-01-29,Robo a pasajero a bordo de taxi con violencia,DEL VALLE,primera
2024-04-24,Robo a transeúnte en vía pública con violencia,DEL VALLE,segunda
2024-03-10,Robo de vehículo sin violencia,DEL VALLE,primera
2024-02-13,Robo a transeúnte en vía pública con violencia,TACUBAYA,primera
2024-03-05,Robo a transeúnte en vía pública con violencia,TACUBAYA,primera
2024-03-19,Robo de vehículo sin violencia,DEL VALLE,primera
2024-05-12,Robo de vehículo con violencia,DEL VALLE,segunda
2024-06-18,Robo de vehículo con violencia,DEL VALLE,segunda
2024-06-12,Robo de vehículo sin violencia,DEL VALLE,segunda
2024-04-30,Robo de vehículo sin violencia,DEL VALLE,segunda
2024-02-16,Robo a transeúnte en vía pública con violencia,DEL VALLE,primera
2024-01-06,Robo a transeúnte en vía pública con violencia,DEL VALLE,primera
2024-05-15,Robo a transeúnte en vía pública con violencia,DEL VALLE,segunda
2024-06-18,Robo de vehículo sin violencia,DEL VALLE,segunda
2024-02-05,Robo a transeúnte en vía pública con violencia,DEL VALLE,primera
2024-01-05,Robo de vehículo sin violencia,DEL VALLE,primera
2024-01-31,Robo de vehículo sin violencia,DEL VALLE,primera
2024-05-21,Robo de vehículo sin violencia,DEL VALLE,segunda
2024-02-17,Robo a transeúnte en vía pública con violencia,DEL VALLE,primera
2024-05-08,Robo a transeúnte en vía pública con violencia,DEL VALLE,segunda
2024-01-29,Robo a transeúnte en vía pública con violencia,DEL VALLE,primera
2024-06-25,Robo a negocio con violencia,DEL VALLE,segunda
2024-03-06,Robo de vehículo sin violencia,DEL VALLE,primera
2024-05-08,Robo de vehículo sin violencia,DEL VALLE,segunda
2024-02-04,Robo a transeúnte en vía pública con violencia,DEL VALLE,primera
2024-03-27,Robo a transeúnte en vía pública con violencia,DEL VALLE,primera
2024-01-17,Robo de vehículo sin violencia,DEL VALLE,primera
2024-04-11,Robo de vehículo sin violencia,DEL VALLE,segunda
2024-05-24,Robo de vehículo con violencia,DEL VALLE,segunda
2024-04-29,Robo de vehículo sin violencia,DEL VALLE,segunda
2024-02-15,Robo de vehículo sin violencia,DEL VALLE,primera
2024-05-28,Robo de vehículo sin violencia,DEL VALLE,segunda
2024-05-04,Robo de vehículo sin violencia,DEL VALLE,segunda
2024-02-21,Robo de vehículo con violencia,DEL VALLE,primera
2024-05-28,Robo de vehículo sin violencia,DEL VALLE,segunda
2024-05-21,Robo de vehículo sin violencia,DEL VALLE,segunda
2024-02-05,Robo de vehículo sin violencia,DEL VALLE,primera
2024-01-26,Robo a negocio con violencia,DEL VALLE,primera
2024-03-28,Robo de vehículo sin violencia,DEL VALLE,primera
2024-05-29,Robo de vehículo sin violencia,DEL VALLE,segunda
2024-06-25,Robo de vehículo sin violencia,DEL VALLE,segunda
2024-04-14,Robo a transeúnte en vía pública con violencia,DEL VALLE,segunda
2024-06-13,Robo a repartidor con y sin violencia,DEL VALLE,segunda
2024-05-22,Robo de vehículo sin violencia,DEL VALLE,segunda
2024-05-30,Robo a negocio con violencia,DEL VALLE,segunda
2024-04-18,Robo a negocio con violencia,DEL VALLE,segunda
2024-03-21,Robo de vehículo sin violencia,DEL VALLE,primera
2024-05-03,Robo de vehículo con violencia,DEL VALLE,segunda
2024-04-01,Robo a transeúnte en vía pública con violencia,DEL VALLE,segunda
2024-04-17,Robo a transeúnte en vía pública con violencia,DEL VALLE,segunda
2024-01-29,Robo de vehículo sin violencia,DEL VALLE,primera
2024-06-20,Robo de vehículo sin violencia,NAPOLES,segunda
2024-06-11,Robo de vehículo sin violencia,NAPOLES,segunda
2024-05-17,Robo de vehículo sin violencia,NAPOLES,segunda
2024-05-14,Robo de vehículo sin violencia,NAPOLES,segunda
2024-01-06,Robo de vehículo sin violencia,NAPOLES,primera
2024-01-04,Robo de vehículo sin violencia,NAPOLES,primera
2024-03-19,Robo a transeúnte en vía pública con violencia,NAPOLES,primera
2024-06-10,Robo de vehículo sin violencia,NAPOLES,segunda
2024-01-20,Robo de vehículo sin violencia,NAPOLES,primera
2024-01-12,Robo a transeúnte en vía pública con violencia,NAPOLES,primera
2024-02-08,Robo a transeúnte en vía pública con violencia,NAPOLES,primera
2024-04-15,Robo de vehículo sin violencia,NAPOLES,segunda
2024-04-19,Robo a transeúnte en vía pública con violencia,NAPOLES,segunda
2024-03-15,Robo a transeúnte en vía pública con violencia,NAPOLES,primera
2024-04-20,Robo de vehículo sin violencia,NAPOLES,segunda
2024-02-12,Robo de vehículo sin violencia,NAPOLES,primera
2024-06-11,Robo de vehículo sin violencia,NAPOLES,segunda
2024-01-25,Robo a transeúnte en vía pública con violencia,NAPOLES,primera
2024-04-08,Robo de vehículo sin violencia,NAPOLES,segunda
2024-03-06,Robo a transeúnte en vía pública con violencia,NAPOLES,primera
2024-02-23,Robo de vehículo sin violencia,NAPOLES,primera
2024-03-15,Robo de vehículo sin violencia,NAPOLES,primera
2024-02-15,Robo de vehículo sin violencia,NAPOLES,primera
2024-01-26,Robo a transeúnte en vía pública con violencia,NAPOLES,primera
2024-05-26,Robo de vehículo sin violencia,NAPOLES,segunda
2024-01-05,Robo de vehículo sin violencia,NAPOLES,primera
2024-02-18,Robo de vehículo sin violencia,NAPOLES,primera
2024-06-15,Robo de vehículo sin violencia,NAPOLES,segunda
2024-05-23,Robo de vehículo sin violencia,NAPOLES,segunda
2024-05-14,Robo de vehículo sin violencia,NAPOLES,segunda
2024-02-05,Robo de vehículo con violencia,NAPOLES,primera
2024-05-29,Robo a transeúnte en vía pública con violencia,TACUBAYA,segunda
2024-05-03,Robo a transeúnte en vía pública con violencia,TACUBAYA,segunda
2024-05-03,Robo a transeúnte en vía pública con violencia,TACUBAYA,segunda
2024-04-22,Robo a transeúnte en vía pública con violencia,TACUBAYA,segunda
2024-03-28,Robo a transeúnte en vía pública con violencia,TACUBAYA,primera
2024-06-10,Robo a transeúnte en vía pública con violencia,TACUBAYA,segunda
2024-06-15,Robo a transeúnte en vía pública con violencia,TACUBAYA,segunda
2024-06-30,Robo a transeúnte en vía pública con violencia,TACUBAYA,segunda
2024-06-27,Robo a transeúnte en vía pública con violencia,TACUBAYA,segunda
2024-01-27,Robo a repartidor con y sin violencia,NAPOLES,primera
2024-05-14,Robo de vehículo sin violencia,NAPOLES,segunda
2024-06-14,Robo de vehículo sin violencia,NAPOLES,segunda
2024-06-10,Robo a transeúnte en vía pública con violencia,NAPOLES,segunda
2024-05-11,Robo a transeúnte en vía pública con violencia,NAPOLES,segunda
2024-02-08,Robo de vehículo con violencia,NAPOLES,primera
2024-06-11,Robo de vehículo sin violencia,NAPOLES,segunda
2024-06-28,Robo a transeúnte en vía pública con violencia,NAPOLES,segunda
2024-04-29,Robo a transeúnte en vía pública con violencia,NAPOLES,segunda
2024-04-27,Robo de vehículo sin violencia,NAPOLES,segunda
2024-05-21,Robo de vehículo sin violencia,NAPOLES,segunda
2024-05-30,Robo a repartidor con y sin violencia,NAPOLES,segunda
2024-01-23,Robo a transeúnte en vía pública con violencia,NAPOLES,primera
2024-06-04,Robo de vehículo sin violencia,NAPOLES,segunda
2024-04-11,Robo de vehículo sin violencia,NAPOLES,segunda
2024-04-07,Robo de vehículo sin violencia,NAPOLES,segunda
2024-06-12,Robo de vehículo con violencia,NAPOLES,segunda
2024-06-03,Robo de vehículo con violencia,NAPOLES,segunda
2024-03-15,Robo a transeúnte en vía pública con violencia,NAPOLES,primera
2024-03-16,Robo a transeúnte en vía pública con violencia,NAPOLES,primera
2024-02-12,Robo a transeúnte en vía pública con violencia,NAPOLES,primera
2024-01-09,Robo a negocio con violencia,NAPOLES,primera
2024-03-18,Robo de vehículo sin violencia,NAPOLES,primera
2024-06-22,Robo de vehículo con violencia,NAPOLES,segunda
2024-06-01,Robo a transeúnte en vía pública con violencia,NAPOLES,segunda
2024-01-23,Robo de vehículo sin violencia,NAPOLES,primera
2024-02-03,Robo a transeúnte en vía pública con violencia,NAPOLES,primera
2024-01-11,Robo de vehículo sin violencia,NAPOLES,primera
2024-03-23,Lesiones dolosas por disparo de arma de fuego,NAPOLES,primera
2024-05-21,Robo de vehículo sin violencia,NARVARTE-ALAMOS,segunda
2024-02-17,Robo a transeúnte en vía pública con violencia,NARVARTE-ALAMOS,primera
2024-06-02,Robo de vehículo sin violencia,NARVARTE-ALAMOS,segunda
2024-06-17,Robo de vehículo con violencia,NARVARTE-ALAMOS,segunda
2024-04-24,Robo de vehículo sin violencia,NARVARTE-ALAMOS,segunda
2024-05-14,Robo de vehículo sin violencia,NARVARTE-ALAMOS,segunda
2024-04-19,Robo a transeúnte en vía pública con violencia,NARVARTE-ALAMOS,segunda
2024-03-07,Robo de vehículo sin violencia,NARVARTE-ALAMOS,primera
2024-03-12,Robo de vehículo con violencia,NARVARTE-ALAMOS,primera
2024-06-27,Robo a transeúnte en vía pública con violencia,NARVARTE-ALAMOS,segunda
2024-06-04,Robo de vehículo sin violencia,NARVARTE-ALAMOS,segunda
2024-06-08,Robo de vehículo sin violencia,NARVARTE-ALAMOS,segunda
2024-06-09,Robo a transeúnte en vía pública con violencia,NARVARTE-ALAMOS,segunda
2024-05-07,Robo a transeúnte en vía pública con violencia,NARVARTE-ALAMOS,segunda
2024-05-03,Robo de vehículo sin violencia,NARVARTE-ALAMOS,segunda
2024-04-30,Robo de vehículo sin violencia,NARVARTE-ALAMOS,segunda
2024-01-10,Robo a transeúnte en vía pública con violencia,NARVARTE-ALAMOS,primera
2024-06-15,Robo a transeúnte en vía pública con violencia,NARVARTE-ALAMOS,segunda
2024-06-07,Robo de vehículo sin violencia,NARVARTE-ALAMOS,segunda
2024-06-18,Robo de vehículo sin violencia,NARVARTE-ALAMOS,segunda
2024-01-03,Robo a transeúnte en vía pública con violencia,NARVARTE-ALAMOS,primera
2024-02-21,Robo a transeúnte en vía pública con violencia,NARVARTE-ALAMOS,primera
2024-03-13,Robo de vehículo con violencia,NARVARTE-ALAMOS,primera
2024-03-11,Robo de vehículo con violencia,NARVARTE-ALAMOS,primera
2024-05-24,Robo de vehículo sin violencia,NARVARTE-ALAMOS,segunda
2024-05-03,Robo a transeúnte en vía pública con violencia,NARVARTE-ALAMOS,segunda
2024-04-21,Robo a transeúnte en vía pública con violencia,NARVARTE-ALAMOS,segunda
2024-01-17,Robo a transeúnte en vía pública con violencia,NARVARTE-ALAMOS,primera
2024-01-19,Robo a pasajero a bordo de microbús con y sin violencia,NARVARTE-ALAMOS,primera
2024-01-05,Robo de vehículo sin violencia,NARVARTE-ALAMOS,primera
2024-06-14,Robo de vehículo con violencia,NARVARTE-ALAMOS,segunda
2024-02-11,Robo a transeúnte en vía pública con violencia,NARVARTE-ALAMOS,primera
2024-03-01,Robo a negocio con violencia,NARVARTE-ALAMOS,primera
2024-01-27,Robo de vehículo sin violencia,NARVARTE-ALAMOS,primera
2024-05-27,Robo de vehículo sin violencia,NARVARTE-ALAMOS,segunda
2024-02-25,Homicidio doloso,NARVARTE-ALAMOS,primera
2024-02-02,Robo a negocio con violencia,NARVARTE-ALAMOS,primera
2024-04-19,Robo a negocio con violencia,NARVARTE-ALAMOS,segunda
2024-04-18,Robo a transeúnte en vía pública con violencia,NARVARTE-ALAMOS,segunda
2024-02-24,Robo de vehículo sin violencia,NARVARTE-ALAMOS,primera
2024-04-09,Robo de vehículo sin violencia,NARVARTE-ALAMOS,segunda
2024-04-09,Robo de vehículo sin violencia,NARVARTE-ALAMOS,segunda
2024-04-26,Robo a transeúnte en vía pública con violencia,NARVARTE-ALAMOS,segunda
2024-05-04,Robo de vehículo sin violencia,NARVARTE-ALAMOS,segunda
2024-04-16,Robo de vehículo sin violencia,NARVARTE-ALAMOS,segunda
2024-02-28,Robo a transeúnte en vía pública con violencia,NARVARTE-ALAMOS,primera
2024-06-24,Robo a transeúnte en vía pública con violencia,NARVARTE-ALAMOS,segunda
2024-05-04,Robo de vehículo sin violencia,NARVARTE-ALAMOS,segunda
2024-06-01,Robo de vehículo sin violencia,NARVARTE-ALAMOS,segunda
2024-06-04,Robo a transeúnte en vía pública con violencia,NARVARTE-ALAMOS,segunda
2024-06-17,Robo de vehículo sin violencia,DEL VALLE,segunda
2024-03-28,Robo a casa habitación con violencia,DEL VALLE,primera
2024-05-23,Homicidio doloso,DEL VALLE,segunda
2024-03-04,Robo de vehículo sin violencia,NARVARTE-ALAMOS,primera
2024-03-03,Robo a transeúnte en vía pública con violencia,NARVARTE-ALAMOS,primera
2024-05-07,Robo a transeúnte en vía pública con violencia,NARVARTE-ALAMOS,segunda
2024-04-24,Robo de vehículo sin violencia,NARVARTE-ALAMOS,segunda
2024-01-23,Robo a transeúnte en vía pública con violencia,NARVARTE-ALAMOS,primera
2024-06-18,Robo de vehículo sin violencia,NAPOLES,segunda
2024-05-02,Robo de vehículo sin violencia,NAPOLES,segunda
2024-05-16,Robo de vehículo sin violencia,NAPOLES,segunda
2024-05-21,Robo de vehículo sin violencia,NAPOLES,segunda
2024-05-15,Robo de vehículo sin violencia,NAPOLES,segunda
2024-06-26,Robo de vehículo sin violencia,NAPOLES,segunda
2024-06-06,Robo de vehículo sin violencia,NARVARTE-ALAMOS,segunda
2024-01-30,Robo de vehículo con violencia,NARVARTE-ALAMOS,primera
2024-01-23,Robo a transeúnte en vía pública con violencia,NARVARTE-ALAMOS,primera
2024-06-25,Robo a transeúnte en vía pública con violencia,NARVARTE-ALAMOS,segunda
2024-05-07,Robo de vehículo sin violencia,NARVARTE-ALAMOS,segunda
2024-03-20,Robo de vehículo sin violencia,NARVARTE-ALAMOS,primera
2024-02-16,Robo a transeúnte en vía pública con violencia,NARVARTE-ALAMOS,primera
2024-02-15,Robo a transeúnte en vía pública con violencia,NARVARTE-ALAMOS,primera
2024-04-23,Robo de vehículo sin violencia,NARVARTE-ALAMOS,segunda
2024-05-18,Robo de vehículo sin violencia,NARVARTE-ALAMOS,segunda
2024-05-16,Robo a transeúnte en vía pública con violencia,NARVARTE-ALAMOS,segunda
2024-01-26,Robo a transeúnte en vía pública con violencia,NARVARTE-ALAMOS,primera
2024-01-14,Robo a transeúnte en vía pública con violencia,NARVARTE-ALAMOS,primera
2024-02-24,Robo a transeúnte en vía pública con violencia,NARVARTE-ALAMOS,primera
2024-01-29,Robo a transeúnte en vía pública con violencia,NARVARTE-ALAMOS,primera
2024-02-08,Robo a transeúnte en vía pública con violencia,NARVARTE-ALAMOS,primera
2024-03-31,Robo de vehículo sin violencia,NARVARTE-ALAMOS,primera
2024-03-14,Robo a negocio con violencia,NARVARTE-ALAMOS,primera
2024-06-22,Robo de vehículo sin violencia,NARVARTE-ALAMOS,segunda
2024-06-22,Robo a transeúnte en vía pública con violencia,NARVARTE-ALAMOS,segunda
2024-04-30,Robo a transeúnte en vía pública con violencia,NARVARTE-ALAMOS,segunda
2024-05-08,Robo de vehículo sin violencia,NARVARTE-ALAMOS,segunda
2024-05-29,Robo a transeúnte en vía pública con violencia,NARVARTE-ALAMOS,segunda
2024-06-16,Robo de vehículo sin violencia,NARVARTE-ALAMOS,segunda
2024-03-02,Robo de vehículo sin violencia,NARVARTE-ALAMOS,primera
2024-03-09,Robo a transeúnte en vía pública con violencia,NARVARTE-ALAMOS,primera
2024-04-14,Robo a negocio con violencia,NARVARTE-ALAMOS,segunda
2024-05-14,Robo a transeúnte en vía pública con violencia,NARVARTE-ALAMOS,segunda
2024-03-03,Robo a transeúnte en vía pública con violencia,NARVARTE-ALAMOS,primera
2024-04-21,Robo de vehículo sin violencia,NARVARTE-ALAMOS,segunda
2024-03-26,Robo a transeúnte en vía pública con violencia,NARVARTE-ALAMOS,primera
2024-04-10,Robo de vehículo sin violencia,NARVARTE-ALAMOS,segunda
2024-04-15,Robo de vehículo sin violencia,NARVARTE-ALAMOS,segunda
2024-05-08,Robo a negocio con violencia,NARVARTE-ALAMOS,segunda
2024-04-09,Robo a negocio con violencia,NARVARTE-ALAMOS,segunda
2024-03-30,Robo de vehículo sin violencia,NAPOLES,primera
2024-03-05,Robo de vehículo sin violencia,NAPOLES,primera
2024-03-09,Robo a transeúnte en vía pública con violencia,NARVARTE-ALAMOS,primera
2024-04-14,Robo a transeúnte en vía pública con violencia,NARVARTE-ALAMOS,segunda
2024-02-12,Robo de vehículo sin violencia,NARVARTE-ALAMOS,primera
2024-03-30,Robo a transeúnte en vía pública con violencia,NARVARTE-ALAMOS,primera
2024-03-10,Robo de vehículo sin violencia,NARVARTE-ALAMOS,primera
2024-03-29,Robo de vehículo sin violencia,NARVARTE-ALAMOS,primera
2024-01-23,Robo de vehículo sin violencia,NARVARTE-ALAMOS,primera
2024-05-30,Robo a transeúnte en vía pública con violencia,NARVARTE-ALAMOS,segunda
2024-04-23,Robo de vehículo sin violencia,NATIVITAS,segunda
2024-02-10,Robo a transeúnte en vía pública con violencia,NATIVITAS,primera
2024-05-12,Robo a transeúnte en vía pública con violencia,NARVARTE-ALAMOS,segunda
2024-03-13,Robo a transeúnte en vía pública con violencia,NATIVITAS,primera
2024-05-26,Robo de vehículo sin violencia,NATIVITAS,segunda
2024-06-22,Robo a cuentahabiente saliendo del cajero con violencia,NATIVITAS,segunda
2024-04-12,Robo a negocio con violencia,NATIVITAS,segunda
2024-01-19,Robo a repartidor con y sin violencia,NATIVITAS,primera
2024-01-19,Robo a negocio con violencia,NATIVITAS,primera
2024-03-05,Robo a negocio con violencia,NATIVITAS,primera
2024-01-31,Robo de vehículo con violencia,NATIVITAS,primera
2024-02-04,Robo a transeúnte en vía pública con violencia,NATIVITAS,primera
2024-06-06,Robo de vehículo sin violencia,NATIVITAS,segunda
2024-01-30,Robo a transeúnte en vía pública con violencia,NATIVITAS,primera
2024-02-23,Robo a transeúnte en vía pública con violencia,NATIVITAS,primera
2024-02-08,Robo a negocio con violencia,NATIVITAS,primera
2024-03-05,Robo a negocio con violencia,NATIVITAS,primera
2024-03-09,Robo a transeúnte en vía pública con violencia,NATIVITAS,primera
2024-05-21,Robo a transeúnte en vía pública con violencia,NATIVITAS,segunda
2024-06-22,Robo a transeúnte en vía pública con violencia,NATIVITAS,segunda
2024-04-29,Robo a transeúnte en vía pública con violencia,NATIVITAS,segunda
2024-05-16,Robo de vehículo sin violencia,NATIVITAS,segunda
2024-06-27,Robo de vehículo sin violencia,NATIVITAS,segunda
2024-01-14,Robo a transeúnte en vía pública con violencia,NATIVITAS,primera
2024-01-06,Robo a transeúnte en vía pública con violencia,NATIVITAS,primera
2024-04-05,Robo de vehículo sin violencia,NATIVITAS,segunda
2024-02-29,Robo a transeúnte en vía pública con violencia,NATIVITAS,primera
2024-02-17,Robo de vehículo sin violencia,NATIVITAS,primera
2024-04-28,Robo a transeúnte en vía pública con violencia,NATIVITAS,segunda
2024-03-24,Robo de vehículo sin violencia,NATIVITAS,primera
2024-06-21,Robo a negocio con violencia,NATIVITAS,segunda
2024-06-13,Robo a transeúnte en vía pública con violencia,NATIVITAS,segunda
2024-06-14,Robo de vehículo sin violencia,NATIVITAS,segunda
2024-06-09,Robo a transeúnte en vía pública con violencia,NATIVITAS,segunda
2024-06-30,Robo de vehículo sin violencia,NATIVITAS,segunda
2024-01-16,Robo a transeúnte en vía pública con violencia,NATIVITAS,primera
2024-01-23,Robo a transeúnte en vía pública con violencia,NATIVITAS,primera
2024-05-29,Robo de vehículo sin violencia,NATIVITAS,segunda
2024-02-16,Robo de vehículo sin violencia,NATIVITAS,primera
2024-06-20,Robo de vehículo con violencia,NATIVITAS,segunda
2024-01-23,Robo a transeúnte en vía pública con violencia,NATIVITAS,primera
2024-04-20,Robo a transeúnte en vía pública con violencia,NATIVITAS,segunda
2024-01-19,Robo a transeúnte en vía pública con violencia,NATIVITAS,primera
2024-03-21,Robo a transeúnte en vía pública con violencia,NATIVITAS,primera
2024-04-13,Robo a repartidor con y sin violencia,NATIVITAS,segunda
2024-04-19,Robo de vehículo sin violencia,NATIVITAS,segunda
2024-03-11,Robo a transeúnte en vía pública con violencia,NATIVITAS,primera
2024-02-09,Robo a negocio con violencia,NATIVITAS,primera
2024-05-07,Robo a transeúnte en vía pública con violencia,PORTALES,segunda
2024-05-08,Robo de vehículo sin violencia,PORTALES,segunda
2024-06-26,Robo a transeúnte en vía pública con violencia,PORTALES,segunda
2024-01-10,Robo de vehículo sin violencia,PORTALES,primera
2024-03-24,Robo de vehículo sin violencia,PORTALES,primera
2024-02-29,Robo de vehículo sin violencia,PORTALES,primera
2024-02-21,Robo a transeúnte en vía pública con violencia,PORTALES,primera
2024-03-06,Robo de vehículo sin violencia,PORTALES,primera
2024-02-14,Robo de vehículo sin violencia,PORTALES,primera
2024-06-22,Lesiones dolosas por disparo de arma de fuego,PORTALES,segunda
2024-06-03,Robo a transeúnte en vía pública con violencia,PORTALES,segunda
2024-06-04,Robo de vehículo sin violencia,PORTALES,segunda
2024-03-17,Robo a transeúnte en vía pública con violencia,PORTALES,primera
2024-01-09,Robo a transeúnte en vía pública con violencia,PORTALES,primera
2024-06-08,Robo de vehículo sin violencia,PORTALES,segunda
2024-06-28,Robo de vehículo sin violencia,PORTALES,segunda
2024-01-10,Robo a negocio con violencia,PORTALES,primera
2024-04-05,Robo a negocio con violencia,PORTALES,segunda
2024-03-20,Robo a transeúnte en vía pública con violencia,PORTALES,primera
2024-06-06,Robo a pasajero a bordo de microbús con y sin violencia,PORTALES,segunda
2024-01-25,Robo de vehículo sin violencia,PORTALES,primera
2024-02-29,Robo de vehículo sin violencia,PORTALES,primera
2024-05-24,Robo de vehículo con violencia,PORTALES,segunda
2024-05-31,Robo de vehículo sin violencia,PORTALES,segunda
2024-05-07,Robo de vehículo sin violencia,PORTALES,segunda
2024-04-09,Robo de vehículo sin violencia,PORTALES,segunda
2024-02-19,Robo a transeúnte en vía pública con violencia,PORTALES,primera
2024-06-14,Robo a pasajero a bordo de taxi con violencia,PORTALES,segunda
2024-01-27,Lesiones dolosas por disparo de arma de fuego,PORTALES,primera
2024-05-23,Robo de vehículo sin violencia,PORTALES,segunda
2024-04-30,Robo de vehículo sin violencia,PORTALES,segunda
2024-05-13,Robo a transeúnte en vía pública con violencia,PORTALES,segunda
2024-01-27,Robo de vehículo sin violencia,PORTALES,primera
2024-02-16,Robo de vehículo sin violencia,PORTALES,primera
2024-01-27,Robo de vehículo sin violencia,PORTALES,primera
2024-01-12,Robo a transeúnte en vía pública con violencia,PORTALES,primera
2024-04-09,Robo a transeúnte en vía pública con violencia,PORTALES,segunda
2024-05-15,Robo de vehículo sin violencia,PORTALES,segunda
2024-01-16,Robo de vehículo sin violencia,PORTALES,primera
2024-01-26,Robo de vehículo sin violencia,PORTALES,primera
2024-02-02,Robo de vehículo sin violencia,PORTALES,primera
2024-06-26,Robo a transeúnte en vía pública con violencia,PORTALES,segunda
2024-06-14,Robo a repartidor con y sin violencia,PORTALES,segunda
2024-01-25,Robo a repartidor con y sin violencia,PORTALES,primera
2024-06-30,Robo a transeúnte en vía pública con violencia,PORTALES,segunda
2024-01-29,Robo de vehículo con violencia,NARVARTE-ALAMOS,primera
2024-04-24,Robo a transeúnte en vía pública con violencia,NARVARTE-ALAMOS,segunda
2024-01-15,Robo a transeúnte en vía pública con violencia,NARVARTE-ALAMOS,primera
2024-05-22,Robo de vehículo sin violencia,PORTALES,segunda
2024-03-08,Robo de vehículo sin violencia,PORTALES,primera
2024-06-25,Robo de vehículo sin violencia,PORTALES,segunda
2024-03-13,Robo a transeúnte en vía pública con violencia,PORTALES,primera
2024-05-17,Robo de vehículo sin violencia,PORTALES,segunda
2024-06-24,Robo a transeúnte en vía pública con violencia,PORTALES,segunda
2024-06-26,Robo de vehículo sin violencia,PORTALES,segunda
2024-01-25,Robo a transeúnte en vía pública con violencia,PORTALES,primera
2024-03-15,Robo de vehículo sin violencia,PORTALES,primera
2024-06-21,Robo de vehículo sin violencia,PORTALES,segunda
2024-06-18,Robo de vehículo sin violencia,PORTALES,segunda
2024-04-25,Robo de vehículo sin violencia,PORTALES,segunda
2024-02-15,Robo a transeúnte en vía pública con violencia,PORTALES,primera
2024-04-04,Robo de vehículo sin violencia,PORTALES,segunda
2024-03-05,Robo a transeúnte en vía pública con violencia,PORTALES,primera
2024-06-10,Robo a transeúnte en vía pública con violencia,PORTALES,segunda
2024-03-28,Robo de vehículo con violencia,PORTALES,primera
2024-01-04,Robo de vehículo sin violencia,PORTALES,primera
2024-02-29,Robo a transeúnte en vía pública con violencia,PORTALES,primera
2024-01-25,Robo a negocio con violencia,PORTALES,primera
2024-01-18,Robo a negocio con violencia,PORTALES,primera
2024-02-03,Homicidio doloso,PORTALES,primera
2024-01-09,Robo a negocio con violencia,PORTALES,primera
2024-05-03,Robo de vehículo con violencia,PORTALES,segunda
2024-05-17,Robo de vehículo sin violencia,PORTALES,segunda
2024-04-13,Robo de vehículo sin violencia,PORTALES,segunda
2024-04-18,Robo a negocio con violencia,PORTALES,segunda
2024-01-28,Robo a casa habitación con violencia,PORTALES,primera
2024-06-27,Robo a negocio con violencia,PORTALES,segunda
2024-01-22,Robo a transeúnte en vía pública con violencia,PORTALES,primera
2024-03-27,Robo de vehículo con violencia,PORTALES,primera
2024-02-06,Robo a negocio con violencia,PORTALES,primera
2024-02-06,Robo a repartidor con y sin violencia,PORTALES,primera
2024-03-07,Robo a transeúnte en vía pública con violencia,PORTALES,primera
2024-03-21,Robo a negocio con violencia,PORTALES,primera
2024-02-26,Robo a negocio con violencia,PORTALES,primera
2024-04-30,Robo de vehículo sin violencia,PORTALES,segunda
2024-06-11,Robo de vehículo sin violencia,PORTALES,segunda
2024-04-21,Robo de vehículo sin violencia,PORTALES,segunda
2024-05-09,Robo de vehículo sin violencia,PORTALES,segunda
2024-03-11,Robo de vehículo con violencia,PORTALES,primera
2024-04-25,Homicidio doloso,PORTALES,segunda
2024-06-26,Robo a negocio con violencia,COYOACAN,segunda
2024-06-06,Robo a negocio con violencia,COYOACAN,segunda
2024-03-05,Robo a cuentahabiente saliendo del cajero con violencia,COYOACAN,primera
2024-06-18,Robo de vehículo sin violencia,COYOACAN,segunda
2024-01-11,Robo de vehículo sin violencia,COYOACAN,primera
2024-03-18,Robo de vehículo sin violencia,COYOACAN,primera
2024-06-12,Robo de vehículo sin violencia,COYOACAN,segunda
2024-04-24,Robo a transeúnte en vía pública con violencia,COYOACAN,segunda
2024-06-17,Robo de vehículo sin violencia,COYOACAN,segunda
2024-06-27,Robo de vehículo sin violencia,COYOACAN,segunda
2024-01-11,Robo de vehículo sin violencia,COYOACAN,primera
2024-04-20,Robo de vehículo sin violencia,COYOACAN,segunda
2024-03-14,Robo a transeúnte en vía pública con violencia,COYOACAN,primera
2024-06-24,Robo de vehículo sin violencia,COYOACAN,segunda
2024-05-04,Robo de vehículo sin violencia,COYOACAN,segunda
2024-05-16,Robo de vehículo sin violencia,COYOACAN,segunda
2024-05-14,Robo de vehículo sin violencia,COYOACAN,segunda
2024-03-29,Robo a transeúnte en vía pública con violencia,COYOACAN,primera
2024-03-07,Robo de vehículo sin violencia,COYOACAN,primera
2024-06-17,Robo de vehículo sin violencia,COYOACAN,segunda
2024-05-15,Robo a transeúnte en vía pública con violencia,COYOACAN,segunda
2024-02-10,Robo a pasajero a bordo de microbús con y sin violencia,COYOACAN,primera
2024-06-26,Robo a transeúnte en vía pública con violencia,COYOACAN,segunda
2024-04-04,Robo a transeúnte en vía pública con violencia,COYOACAN,segunda
2024-01-09,Robo de vehículo con violencia,COYOACAN,primera
2024-05-24,Robo de vehículo con violencia,COYOACAN,segunda
2024-05-09,Robo de vehículo sin violencia,COYOACAN,segunda
2024-02-11,Robo de vehículo sin violencia,COYOACAN,primera
2024-03-01,Robo a transeúnte en vía pública con violencia,COYOACAN,primera
2024-01-11,Robo de vehículo con violencia,COYOACAN,primera
2024-06-04,Robo a transeúnte en vía pública con violencia,COYOACAN,segunda
2024-06-03,Robo a transeúnte en vía pública con violencia,COYOACAN,segunda
2024-04-26,Robo de vehículo sin violencia,COYOACAN,segunda
2024-04-29,Robo a negocio con violencia,COYOACAN,segunda
2024-05-11,Robo a repartidor con y sin violencia,COYOACAN,segunda
2024-06-30,Homicidio doloso,COYOACAN,segunda
2024-02-13,Robo a negocio con violencia,COYOACAN,primera
2024-03-08,Robo a negocio con violencia,COYOACAN,primera
2024-02-07,Robo de vehículo sin violencia,COYOACAN,primera
2024-03-23,Robo a transeúnte en vía pública con violencia,COYOACAN,primera
2024-03-25,Robo a transeúnte en vía pública con violencia,COYOACAN,primera
2024-06-21,Robo a transeúnte en vía pública con violencia,COYOACAN,segunda
2024-04-15,Robo a negocio con violencia,COYOACAN,segunda
2024-03-21,Robo de vehículo sin violencia,COYOACAN,primera
2024-06-20,Robo de vehículo sin violencia,COYOACAN,segunda
2024-05-21,Robo de vehículo sin violencia,COYOACAN,segunda
2024-02-10,Robo a negocio con violencia,COYOACAN,primera
2024-01-28,Robo a transeúnte en vía pública con violencia,COYOACAN,primera
2024-03-24,Robo de vehículo sin violencia,COYOACAN,primera
2024-04-12,Robo de vehículo sin violencia,COYOACAN,segunda
2024-01-30,Robo a transeúnte en vía pública con violencia,COYOACAN,primera
2024-05-18,Robo a transeúnte en vía pública con violencia,COYOACAN,segunda
2024-01-25,Robo de vehículo sin violencia,COYOACAN,primera
2024-04-03,Robo de vehículo sin violencia,COYOACAN,segunda
2024-04-16,Robo de vehículo sin violencia,COYOACAN,segunda
2024-02-18,Robo de vehículo sin violencia,COYOACAN,primera
2024-03-18,Robo a transeúnte en vía pública con violencia,COYOACAN,primera
2024-03-27,Robo a casa habitación con violencia,COYOACAN,primera
2024-03-17,Robo de vehículo sin violencia,COYOACAN,primera
2024-06-14,Robo a transeúnte en vía pública con violencia,COYOACAN,segunda
2024-05-24,Robo de vehículo con violencia,COYOACAN,segunda
2024-02-08,Robo a transeúnte en vía pública con violencia,COYOACAN,primera
2024-06-09,Robo de vehículo sin violencia,COYOACAN,segunda
2024-03-19,Robo de vehículo sin violencia,COYOACAN,primera
2024-06-14,Robo a transeúnte en vía pública con violencia,COYOACAN,segunda
2024-02-14,Robo de vehículo sin violencia,COYOACAN,primera
2024-05-05,Robo de vehículo sin violencia,COYOACAN,segunda
2024-01-24,Robo de vehículo con violencia,COYOACAN,primera
2024-01-07,Robo de vehículo sin violencia,COYOACAN,primera
2024-02-22,Robo a transeúnte en vía pública con violencia,COYOACAN,primera
2024-03-24,Robo a transeúnte en vía pública con violencia,COYOACAN,primera
2024-05-08,Robo a transeúnte en vía pública con violencia,COYOACAN,segunda
2024-06-01,Robo de vehículo sin violencia,COYOACAN,segunda
2024-04-11,Robo de vehículo con violencia,COYOACAN,segunda
2024-02-09,Robo a cuentahabiente saliendo del cajero con violencia,COYOACAN,primera
2024-01-27,Robo de vehículo con violencia,COYOACAN,primera
2024-04-08,Robo de vehículo sin violencia,COYOACAN,segunda
2024-03-09,Robo de vehículo sin violencia,COYOACAN,primera
2024-06-27,Robo de vehículo con violencia,COYOACAN,segunda
2024-06-21,Robo a transeúnte en vía pública con violencia,COYOACAN,segunda
2024-05-21,Robo de vehículo sin violencia,COYOACAN,segunda
2024-05-14,Robo de vehículo con violencia,COYOACAN,segunda
2024-03-20,Robo de vehículo sin violencia,COYOACAN,primera
2024-04-29,Robo a transeúnte en vía pública con violencia,NATIVITAS,segunda
2024-05-06,Robo a transeúnte en vía pública con violencia,NATIVITAS,segunda
2024-05-23,Robo de vehículo sin violencia,NATIVITAS,segunda
2024-03-03,Robo a transeúnte en vía pública con violencia,NARVARTE-ALAMOS,primera
2024-06-04,Robo a transeúnte en vía pública con violencia,COYOACAN,segunda
2024-06-19,Robo de vehículo sin violencia,COYOACAN,segunda
2024-05-16,Robo a transeúnte en vía pública con violencia,COYOACAN,segunda
2024-05-12,Robo de vehículo sin violencia,COYOACAN,segunda
2024-01-07,Robo de vehículo sin violencia,COYOACAN,primera
2024-02-01,Robo a transeúnte en vía pública con violencia,COYOACAN,primera
2024-06-05,Robo de vehículo sin violencia,COYOACAN,segunda
2024-06-23,Robo de vehículo sin violencia,COYOACAN,segunda
2024-03-15,Robo de vehículo sin violencia,COYOACAN,primera
2024-04-29,Robo de vehículo sin violencia,COYOACAN,segunda
2024-05-15,Robo de vehículo sin violencia,COYOACAN,segunda
2024-02-12,Robo de vehículo sin violencia,COYOACAN,primera
2024-04-23,Robo a cuentahabiente saliendo del cajero con violencia,COYOACAN,segunda
2024-02-20,Robo a transeúnte en vía pública con violencia,COYOACAN,primera
2024-06-12,Robo a transeúnte en vía pública con violencia,COYOACAN,segunda
2024-04-24,Robo a negocio con violencia,COYOACAN,segunda
2024-03-30,Robo de vehículo sin violencia,COYOACAN,primera
2024-02-11,Robo de vehículo sin violencia,COYOACAN,primera
2024-02-08,Robo de vehículo sin violencia,COYOACAN,primera
2024-01-19,Robo a transeúnte en vía pública con violencia,CULHUACAN,primera
2024-03-15,Robo de vehículo sin violencia,CULHUACAN,primera
2024-05-08,Robo de vehículo sin violencia,CULHUACAN,segunda
2024-01-13,Robo a transeúnte en vía pública con violencia,CULHUACAN,primera
2024-05-20,Robo de vehículo sin violencia,CULHUACAN,segunda
2024-01-06,Robo de vehículo sin violencia,CULHUACAN,primera
2024-02-18,Robo a transeúnte en vía pública con violencia,CULHUACAN,primera
2024-06-17,Robo de vehículo sin violencia,CULHUACAN,segunda
2024-06-25,Robo a transeúnte en vía pública con violencia,CULHUACAN,segunda
2024-05-23,Robo de vehículo sin violencia,CULHUACAN,segunda
2024-04-20,Robo a transeúnte en vía pública con violencia,CULHUACAN,segunda
2024-05-09,Robo de vehículo sin violencia,CULHUACAN,segunda
2024-04-22,Robo de vehículo sin violencia,CULHUACAN,segunda
2024-02-22,Robo a transeúnte en vía pública con violencia,CULHUACAN,primera
2024-06-03,Robo de vehículo sin violencia,CULHUACAN,segunda
2024-05-09,Robo de vehículo sin violencia,CULHUACAN,segunda
2024-01-06,Robo de vehículo con violencia,CULHUACAN,primera
2024-04-09,Robo de vehículo sin violencia,CULHUACAN,segunda
2024-03-04,Robo de vehículo sin violencia,CULHUACAN,primera
2024-02-19,Robo de vehículo con violencia,CULHUACAN,primera
2024-03-13,Robo a transeúnte en vía pública con violencia,CULHUACAN,primera
2024-06-25,Robo de vehículo sin violencia,CULHUACAN,segunda
2024-06-21,Robo a transeúnte en vía pública con violencia,CULHUACAN,segunda
2024-05-04,Robo a transeúnte en vía pública con violencia,CULHUACAN,segunda
2024-02-11,Robo de vehículo con violencia,CULHUACAN,primera
2024-01-31,Robo de vehículo sin violencia,CULHUACAN,primera
2024-06-16,Robo de vehículo sin violencia,CULHUACAN,segunda
2024-01-31,Robo de vehículo sin violencia,CULHUACAN,primera
2024-06-02,Robo de vehículo sin violencia,CULHUACAN,segunda
2024-05-15,Robo de vehículo sin violencia,CULHUACAN,segunda
2024-02-23,Robo a transeúnte en vía pública con violencia,CULHUACAN,primera
2024-02-05,Robo a pasajero a bordo de microbús con y sin violencia,CULHUACAN,primera
2024-06-05,Robo de vehículo sin violencia,CULHUACAN,segunda
2024-03-13,Robo de vehículo sin violencia,CULHUACAN,primera
2024-01-29,Robo a negocio con violencia,CULHUACAN,primera
2024-03-23,Robo de vehículo sin violencia,CULHUACAN,primera
2024-03-02,Robo de vehículo sin violencia,CULHUACAN,primera
2024-02-16,Robo de vehículo sin violencia,CULHUACAN,primera
2024-05-09,Robo a transeúnte en vía pública con violencia,CULHUACAN,segunda
2024-04-25,Robo de vehículo sin violencia,CULHUACAN,segunda
2024-01-09,Robo de vehículo sin violencia,CULHUACAN,primera
2024-01-22,Robo de vehículo sin violencia,CULHUACAN,primera
2024-02-13,Robo de vehículo sin violencia,CULHUACAN,primera
2024-06-25,Robo de vehículo sin violencia,CULHUACAN,segunda
2024-06-22,Robo de vehículo sin violencia,CULHUACAN,segunda
2024-04-17,Robo de vehículo sin violencia,CULHUACAN,segunda
2024-03-09,Robo de vehículo sin violencia,CULHUACAN,primera
2024-03-15,Robo de vehículo con violencia,CULHUACAN,primera
2024-06-07,Robo a transeúnte en vía pública con violencia,CULHUACAN,segunda
2024-04-21,Robo de vehículo sin violencia,CULHUACAN,segunda
2024-02-05,Robo a transeúnte en vía pública con violencia,CULHUACAN,primera
2024-03-25,Robo de vehículo sin violencia,CULHUACAN,primera
2024-04-22,Robo de vehículo sin violencia,CULHUACAN,segunda
2024-05-15,Robo de vehículo con violencia,NATIVITAS,segunda
2024-01-26,Robo a transeúnte en vía pública con violencia,NATIVITAS,primera
2024-06-11,Robo de vehículo sin violencia,NATIVITAS,segunda
2024-06-25,Robo de vehículo sin violencia,CULHUACAN,segunda
2024-06-23,Robo de vehículo con violencia,CULHUACAN,segunda
2024-05-27,Robo de vehículo sin violencia,CULHUACAN,segunda
2024-05-23,Robo de vehículo sin violencia,CULHUACAN,segunda
2024-01-27,Robo a transeúnte en vía pública con violencia,CULHUACAN,primera
2024-03-25,Robo a negocio con violencia,CULHUACAN,primera
2024-05-21,Robo de vehículo sin violencia,CULHUACAN,segunda
2024-02-09,Robo a transeúnte en vía pública con violencia,CULHUACAN,primera
2024-02-10,Robo a transeúnte en vía pública con violencia,CULHUACAN,primera
2024-02-06,Robo a transeúnte en vía pública con violencia,CULHUACAN,primera
2024-01-03,Robo a transeúnte en vía pública con violencia,CULHUACAN,primera
2024-01-07,Robo de vehículo con violencia,CULHUACAN,primera
2024-04-06,Robo a transeúnte en vía pública con violencia,CULHUACAN,segunda
2024-04-23,Robo a transeúnte en vía pública con violencia,CULHUACAN,segunda
2024-06-20,Robo de vehículo sin violencia,CULHUACAN,segunda
2024-02-09,Robo a negocio con violencia,CULHUACAN,primera
2024-05-08,Robo de vehículo sin violencia,CULHUACAN,segunda
2024-01-29,Robo de vehículo sin violencia,CULHUACAN,primera
2024-03-22,Robo de vehículo sin violencia,CULHUACAN,primera
2024-03-24,Robo de vehículo sin violencia,CULHUACAN,primera
2024-04-13,Lesiones dolosas por disparo de arma de fuego,CULHUACAN,segunda
2024-04-26,Homicidio doloso,CULHUACAN,segunda
2024-05-03,Robo a transeúnte en vía pública con violencia,CULHUACAN,segunda
2024-06-26,Robo a transeúnte en vía pública con violencia,CULHUACAN,segunda
2024-01-24,Robo de vehículo sin violencia,CULHUACAN,primera
2024-02-06,Robo a negocio con violencia,CULHUACAN,primera
2024-04-17,Robo a repartidor con y sin violencia,CULHUACAN,segunda
2024-06-28,Robo a negocio con violencia,CULHUACAN,segunda
2024-03-15,Robo de vehículo sin violencia,CULHUACAN,primera
2024-06-05,Robo de vehículo sin violencia,CULHUACAN,segunda
2024-01-31,Robo a transeúnte en vía pública con violencia,CULHUACAN,primera
2024-02-10,Robo a transeúnte en vía pública con violencia,CULHUACAN,primera
2024-03-03,Robo a transeúnte en vía pública con violencia,CULHUACAN,primera
2024-03-05,Robo a transeúnte en vía pública con violencia,CULHUACAN,primera
2024-06-18,Robo de vehículo sin violencia,CULHUACAN,segunda
2024-06-04,Robo de vehículo sin violencia,CULHUACAN,segunda
2024-04-27,Robo de vehículo sin violencia,CULHUACAN,segunda
2024-02-04,Robo a transeúnte en vía pública con violencia,CULHUACAN,primera
2024-01-16,Robo de vehículo sin violencia,CULHUACAN,primera
2024-01-26,Robo de vehículo sin violencia,CULHUACAN,primera
2024-02-29,Robo a transeúnte en vía pública con violencia,CULHUACAN,primera
2024-02-03,Robo de vehículo sin violencia,CULHUACAN,primera
2024-06-16,Robo de vehículo sin violencia,CULHUACAN,segunda
2024-06-10,Robo de vehículo sin violencia,CULHUACAN,segunda
2024-02-06,Robo de vehículo con violencia,CULHUACAN,primera
2024-06-26,Robo a transeúnte en vía pública con violencia,CULHUACAN,segunda
2024-01-19,Robo a transeúnte en vía pública con violencia,CULHUACAN,primera
2024-02-22,Robo de vehículo sin violencia,CULHUACAN,primera
2024-03-10,Robo a transeúnte en vía pública con violencia,CULHUACAN,primera
2024-03-21,Robo de vehículo sin violencia,CULHUACAN,primera
2024-06-17,Robo de vehículo sin violencia,CULHUACAN,segunda
2024-04-07,Robo de vehículo sin violencia,CULHUACAN,segunda
2024-01-23,Robo a transeúnte en vía pública con violencia,CULHUACAN,primera
2024-01-11,Robo a transeúnte en vía pública con violencia,CULHUACAN,primera
2024-01-15,Robo a pasajero a bordo de microbús con y sin violencia,CULHUACAN,primera
2024-05-01,Robo de vehículo sin violencia,CULHUACAN,segunda
2024-04-02,Robo de vehículo sin violencia,CULHUACAN,segunda
2024-02-13,Robo de vehículo sin violencia,CULHUACAN,primera
2024-05-20,Robo de vehículo sin violencia,CULHUACAN,segunda
2024-06-03,Robo de vehículo sin violencia,CULHUACAN,segunda
2024-03-27,Robo de vehículo sin violencia,CULHUACAN,primera
2024-03-22,Robo de vehículo sin violencia,CULHUACAN,primera
2024-02-01,Robo de vehículo sin violencia,CULHUACAN,primera
2024-01-05,Robo a negocio con violencia,CULHUACAN,primera
2024-06-10,Robo de vehículo sin violencia,CULHUACAN,segunda
2024-06-20,Robo a transeúnte en vía pública con violencia,CULHUACAN,segunda
2024-01-28,Robo a transeúnte en vía pública con violencia,CULHUACAN,primera
2024-03-07,Robo de vehículo sin violencia,CULHUACAN,primera
2024-03-28,Robo de vehículo sin violencia,CULHUACAN,primera
2024-03-07,Robo a transeúnte en vía pública con violencia,CULHUACAN,primera
2024-04-05,Robo de vehículo con violencia,CULHUACAN,segunda
2024-05-15,Robo a transeúnte en vía pública con violencia,PORTALES,segunda
2024-05-03,Robo de vehículo sin violencia,COYOACAN,segunda
2024-05-23,Robo de vehículo sin violencia,PORTALES,segunda
2024-06-07,Robo a transeúnte en vía pública con violencia,TAXQUEÑA,segunda
2024-01-19,Robo de vehículo sin violencia,TAXQUEÑA,primera
2024-02-24,Robo a transeúnte en vía pública con violencia,TAXQUEÑA,primera
2024-03-05,Robo de vehículo con violencia,TAXQUEÑA,primera
2024-03-20,Homicidio doloso,TAXQUEÑA,primera
2024-06-25,Robo a pasajero a bordo de microbús con y sin violencia,TAXQUEÑA,segunda
2024-03-14,Homicidio doloso,TAXQUEÑA,primera
2024-01-22,Robo a transeúnte en vía pública con violencia,TAXQUEÑA,primera
2024-03-22,Robo a transeúnte en vía pública con violencia,TAXQUEÑA,primera
2024-06-15,Robo de vehículo sin violencia,TAXQUEÑA,segunda
2024-04-28,Robo a transeúnte en vía pública con violencia,TAXQUEÑA,segunda
2024-06-30,Robo a transeúnte en vía pública con violencia,TAXQUEÑA,segunda
2024-01-12,Robo de vehículo sin violencia,TAXQUEÑA,primera
2024-03-01,Robo a transeúnte en vía pública con violencia,TAXQUEÑA,primera
2024-04-24,Robo de vehículo sin violencia,TAXQUEÑA,segunda
2024-02-02,Robo de vehículo con violencia,TAXQUEÑA,primera
2024-05-22,Robo a negocio con violencia,TAXQUEÑA,segunda
2024-01-11,Robo a transeúnte en vía pública con violencia,TAXQUEÑA,primera
2024-01-30,Robo a transeúnte en vía pública con violencia,TAXQUEÑA,primera
2024-02-28,Robo a transeúnte en vía pública con violencia,TAXQUEÑA,primera
2024-06-19,Robo de vehículo sin violencia,TAXQUEÑA,segunda
2024-06-08,Robo a transeúnte en vía pública con violencia,TAXQUEÑA,segunda
2024-06-17,Homicidio doloso,TAXQUEÑA,segunda
2024-05-31,Lesiones dolosas por disparo de arma de fuego,TAXQUEÑA,segunda
2024-03-13,Robo de vehículo sin violencia,TAXQUEÑA,primera
2024-03-10,Robo de vehículo sin violencia,TAXQUEÑA,primera
2024-01-04,Robo a transeúnte en vía pública con violencia,TAXQUEÑA,primera
2024-04-14,Robo a transeúnte en vía pública con violencia,TAXQUEÑA,segunda
2024-02-29,Robo de vehículo sin violencia,TAXQUEÑA,primera
2024-05-01,Robo de vehículo sin violencia,TAXQUEÑA,segunda
2024-02-12,Robo a transeúnte en vía pública con violencia,TAXQUEÑA,primera
2024-04-27,Robo a negocio con violencia,TAXQUEÑA,segunda
2024-05-05,Robo a negocio con violencia,TAXQUEÑA,segunda
2024-01-27,Robo a transeúnte en vía pública con violencia,TAXQUEÑA,primera
2024-03-27,Robo a transeúnte en vía pública con violencia,TAXQUEÑA,primera
2024-03-11,Robo a negocio con violencia,TAXQUEÑA,primera
2024-02-28,Robo a negocio con violencia,TAXQUEÑA,primera
2024-02-01,Robo a negocio con violencia,TAXQUEÑA,primera
2024-06-17,Robo de vehículo con violencia,TAXQUEÑA,segunda
2024-04-12,Robo a negocio con violencia,TAXQUEÑA,segunda
2024-01-31,Robo a negocio con violencia,TAXQUEÑA,primera
2024-06-16,Robo a transeúnte en vía pública con violencia,TAXQUEÑA,segunda
2024-06-13,Robo a transeúnte en vía pública con violencia,TAXQUEÑA,segunda
2024-05-31,Robo de vehículo sin violencia,TAXQUEÑA,segunda
2024-06-06,Robo de vehículo sin violencia,TAXQUEÑA,segunda
2024-05-22,Robo a transeúnte en vía pública con violencia,TAXQUEÑA,segunda
2024-04-15,Robo a transeúnte en vía pública con violencia,TAXQUEÑA,segunda
2024-04-08,Robo de vehículo sin violencia,TAXQUEÑA,segunda
2024-04-09,Robo de vehículo sin violencia,TAXQUEÑA,segunda
2024-02-22,Robo a transeúnte en vía pública con violencia,TAXQUEÑA,primera
2024-04-24,Robo a pasajero a bordo de microbús con y sin violencia,TAXQUEÑA,segunda
2024-01-03,Robo de vehículo sin violencia,TAXQUEÑA,primera
2024-04-15,Robo a transeúnte en vía pública con violencia,TAXQUEÑA,segunda
2024-01-25,Robo de vehículo sin violencia,TAXQUEÑA,primera
2024-01-24,Robo de vehículo sin violencia,TAXQUEÑA,primera
2024-04-25,Robo de vehículo sin violencia,TAXQUEÑA,segunda
2024-03-03,Robo de vehículo sin violencia,TAXQUEÑA,primera
2024-02-08,Robo a negocio con violencia,TAXQUEÑA,primera
2024-05-30,Robo a negocio con violencia,TAXQUEÑA,segunda
2024-05-26,Robo a repartidor con y sin violencia,TAXQUEÑA,segunda
2024-05-28,Robo de vehículo sin violencia,TAXQUEÑA,segunda
2024-03-07,Robo a negocio con violencia,TAXQUEÑA,primera
2024-01-04,Robo a transeúnte en vía pública con violencia,TAXQUEÑA,primera
2024-04-15,Robo a negocio con violencia,TAXQUEÑA,segunda
2024-05-08,Robo de vehículo sin violencia,TAXQUEÑA,segunda
2024-06-29,Robo de vehículo con violencia,TAXQUEÑA,segunda
2024-04-11,Robo de vehículo con violencia,TAXQUEÑA,segunda
2024-02-03,Robo a pasajero a bordo de microbús con y sin violencia,TAXQUEÑA,primera
2024-02-29,Robo a transeúnte en vía pública con violencia,TAXQUEÑA,primera
2024-02-29,Robo de vehículo sin violencia,TAXQUEÑA,primera
2024-04-09,Robo de vehículo con violencia,UNIVERSIDAD,segunda
2024-03-12,Robo a transeúnte en vía pública con violencia,TAXQUEÑA,primera
2024-05-17,Robo de vehículo con violencia,TAXQUEÑA,segunda
2024-02-07,Robo a transeúnte en vía pública con violencia,TAXQUEÑA,primera
2024-03-09,Robo a transeúnte en vía pública con violencia,TAXQUEÑA,primera
2024-06-28,Robo de vehículo sin violencia,TAXQUEÑA,segunda
2024-04-24,Robo de vehículo sin violencia,TAXQUEÑA,segunda
2024-05-02,Robo de vehículo sin violencia,TAXQUEÑA,segunda
2024-04-01,Robo a pasajero a bordo del metro con violencia,TAXQUEÑA,segunda
2024-02-08,Robo de vehículo sin violencia,TAXQUEÑA,primera
2024-02-21,Robo a transeúnte en vía pública con violencia,TAXQUEÑA,primera
2024-06-27,Robo a transeúnte en vía pública con violencia,TAXQUEÑA,segunda
2024-05-28,Robo de vehículo sin violencia,TAXQUEÑA,segunda
2024-06-27,Robo a transeúnte en vía pública con violencia,TAXQUEÑA,segunda
2024-03-26,Robo de vehículo sin violencia,TAXQUEÑA,primera
2024-04-16,Robo de vehículo sin violencia,TAXQUEÑA,segunda
2024-03-03,Robo de vehículo sin violencia,TAXQUEÑA,primera
2024-03-06,Homicidio doloso,TAXQUEÑA,primera
2024-03-13,Robo a transeúnte en vía pública con violencia,TAXQUEÑA,primera
2024-05-16,Homicidio doloso,TAXQUEÑA,segunda
2024-06-12,Robo a transeúnte en vía pública con violencia,UNIVERSIDAD,segunda
2024-05-15,Robo de vehículo sin violencia,UNIVERSIDAD,segunda
2024-01-30,Robo a transeúnte en vía pública con violencia,UNIVERSIDAD,primera
2024-01-16,Robo de vehículo con violencia,UNIVERSIDAD,primera
2024-01-02,Robo de vehículo sin violencia,UNIVERSIDAD,primera
2024-02-08,Robo a transeúnte en vía pública con violencia,TAXQUEÑA,primera
2024-05-24,Robo a transeúnte en vía pública con violencia,TAXQUEÑA,segunda
2024-04-23,Robo a transeúnte en vía pública con violencia,TAXQUEÑA,segunda
2024-01-27,Robo a transeúnte en vía pública con violencia,TAXQUEÑA,primera
2024-01-23,Robo a transeúnte en vía pública con violencia,TAXQUEÑA,primera
2024-03-06,Robo de vehículo sin violencia,TAXQUEÑA,primera
2024-04-10,Robo a negocio con violencia,TAXQUEÑA,segunda
2024-06-25,Robo a transeúnte en vía pública con violencia,TAXQUEÑA,segunda
2024-06-28,Robo de vehículo sin violencia,TAXQUEÑA,segunda
2024-01-28,Robo a transeúnte en vía pública con violencia,TAXQUEÑA,primera
2024-04-08,Robo de vehículo sin violencia,TAXQUEÑA,segunda
2024-04-19,Robo de vehículo sin violencia,TAXQUEÑA,segunda
2024-05-23,Robo de vehículo sin violencia,UNIVERSIDAD,segunda
2024-06-24,Robo de vehículo con violencia,TAXQUEÑA,segunda
2024-01-15,Robo a transeúnte en vía pública con violencia,TAXQUEÑA,primera
2024-01-16,Robo de vehículo sin violencia,TAXQUEÑA,primera
2024-05-27,Robo a negocio con violencia,TAXQUEÑA,segunda
2024-02-23,Robo de vehículo sin violencia,UNIVERSIDAD,primera
2024-06-28,Robo a transeúnte en vía pública con violencia,UNIVERSIDAD,segunda
2024-05-27,Robo de vehículo sin violencia,UNIVERSIDAD,segunda
2024-05-21,Robo a cuentahabiente saliendo del cajero con violencia,UNIVERSIDAD,segunda
2024-01-12,Robo a transeúnte en vía pública con violencia,UNIVERSIDAD,primera
2024-05-31,Robo a transeúnte en vía pública con violencia,UNIVERSIDAD,segunda
2024-05-10,Robo de vehículo sin violencia,UNIVERSIDAD,segunda
2024-06-26,Robo de vehículo sin violencia,UNIVERSIDAD,segunda
2024-01-22,Robo a transeúnte en vía pública con violencia,UNIVERSIDAD,primera
2024-01-31,Robo a transeúnte en vía pública con violencia,UNIVERSIDAD,primera
2024-01-30,Robo de vehículo con violencia,UNIVERSIDAD,primera
2024-02-08,Robo de vehículo sin violencia,UNIVERSIDAD,primera
2024-03-19,Robo de vehículo sin violencia,UNIVERSIDAD,primera
2024-02-07,Robo de vehículo sin violencia,UNIVERSIDAD,primera
2024-03-12,Robo de vehículo sin violencia,UNIVERSIDAD,primera
2024-05-20,Robo a cuentahabiente saliendo del cajero con violencia,UNIVERSIDAD,segunda
2024-03-13,Robo a transeúnte en vía pública con violencia,UNIVERSIDAD,primera
2024-04-03,Robo de vehículo sin violencia,UNIVERSIDAD,segunda
2024-05-18,Robo a transeúnte en vía pública con violencia,UNIVERSIDAD,segunda
2024-06-17,Robo a negocio con violencia,UNIVERSIDAD,segunda
2024-04-29,Robo de vehículo sin violencia,UNIVERSIDAD,segunda
2024-02-21,Robo a transeúnte en vía pública con violencia,UNIVERSIDAD,primera
2024-01-28,Robo a transeúnte en vía pública con violencia,UNIVERSIDAD,primera
2024-06-11,Robo a negocio con violencia,UNIVERSIDAD,segunda
2024-04-19,Robo a pasajero a bordo de microbús con y sin violencia,UNIVERSIDAD,segunda
2024-02-23,Robo de vehículo sin violencia,UNIVERSIDAD,primera
2024-02-20,Robo a negocio con violencia,UNIVERSIDAD,primera
2024-01-15,Robo a cuentahabiente saliendo del cajero con violencia,UNIVERSIDAD,primera
2024-05-25,Robo de vehículo con violencia,UNIVERSIDAD,segunda
2024-05-03,Robo a transeúnte en vía pública con violencia,UNIVERSIDAD,segunda
2024-05-20,Robo a transeúnte en vía pública con violencia,UNIVERSIDAD,segunda
2024-05-08,Robo a transeúnte en vía pública con violencia,UNIVERSIDAD,segunda
2024-04-23,Robo a pasajero a bordo de microbús con y sin violencia,UNIVERSIDAD,segunda
2024-03-28,Robo a transeúnte en vía pública con violencia,UNIVERSIDAD,primera
2024-02-15,Robo de vehículo sin violencia,UNIVERSIDAD,primera
2024-06-13,Robo a negocio con violencia,UNIVERSIDAD,segunda
2024-02-29,Robo a negocio con violencia,UNIVERSIDAD,primera
2024-05-09,Robo a transeúnte en vía pública con violencia,UNIVERSIDAD,segunda
2024-04-09,Robo a transeúnte en vía pública con violencia,UNIVERSIDAD,segunda
2024-01-12,Robo a transeúnte en vía pública con violencia,UNIVERSIDAD,primera
2024-05-21,Robo de vehículo sin violencia,UNIVERSIDAD,segunda
2024-06-13,Robo de vehículo sin violencia,UNIVERSIDAD,segunda
2024-03-19,Robo de vehículo sin violencia,UNIVERSIDAD,primera
2024-02-21,Robo a transeúnte en vía pública con violencia,UNIVERSIDAD,primera
2024-01-20,Robo a transeúnte en vía pública con violencia,UNIVERSIDAD,primera
2024-02-11,Robo de vehículo sin violencia,UNIVERSIDAD,primera
2024-03-09,Robo de vehículo con violencia,UNIVERSIDAD,primera
2024-02-06,Robo a casa habitación con violencia,UNIVERSIDAD,primera
2024-01-20,Robo a repartidor con y sin violencia,UNIVERSIDAD,primera
2024-04-07,Lesiones dolosas por disparo de arma de fuego,UNIVERSIDAD,segunda
2024-05-02,Robo de vehículo sin violencia,UNIVERSIDAD,segunda
2024-03-02,Robo de vehículo sin violencia,UNIVERSIDAD,primera
2024-02-24,Robo de vehículo sin violencia,UNIVERSIDAD,primera
2024-05-18,Robo a transeúnte en vía pública con violencia,UNIVERSIDAD,segunda
2024-01-07,Robo de vehículo con violencia,UNIVERSIDAD,primera
2024-05-28,Robo a negocio con violencia,UNIVERSIDAD,segunda
2024-06-06,Robo de vehículo sin violencia,UNIVERSIDAD,segunda
2024-02-02,Robo de vehículo con violencia,UNIVERSIDAD,primera
2024-02-29,Robo de vehículo sin violencia,UNIVERSIDAD,primera
2024-06-27,Robo a transeúnte en vía pública con violencia,UNIVERSIDAD,segunda
2024-01-31,Robo de vehículo con violencia,UNIVERSIDAD,primera
2024-02-07,Robo a transeúnte en vía pública con violencia,UNIVERSIDAD,primera
2024-03-11,Robo a pasajero a bordo de taxi con violencia,UNIVERSIDAD,primera
2024-01-06,Robo a transeúnte en vía pública con violencia,UNIVERSIDAD,primera
2024-06-09,Robo a transeúnte en vía pública con violencia,UNIVERSIDAD,segunda
2024-05-05,Robo de vehículo sin violencia,UNIVERSIDAD,segunda
2024-03-31,Robo a transeúnte en vía pública con violencia,UNIVERSIDAD,primera
2024-03-06,Robo a negocio con violencia,UNIVERSIDAD,primera
2024-02-17,Robo a transeúnte en vía pública con violencia,UNIVERSIDAD,primera
2024-01-01,Robo a transeúnte en vía pública con violencia,UNIVERSIDAD,primera
2024-03-01,Robo a transeúnte en vía pública con violencia,UNIVERSIDAD,primera
2024-05-24,Robo de vehículo con violencia,UNIVERSIDAD,segunda
2024-06-13,Robo a transeúnte en vía pública con violencia,UNIVERSIDAD,segunda
2024-01-16,Robo de vehículo con violencia,UNIVERSIDAD,primera
2024-05-10,Robo de vehículo con violencia,UNIVERSIDAD,segunda
2024-04-25,Robo de vehículo sin violencia,UNIVERSIDAD,segunda
2024-05-19,Robo a transeúnte en vía pública con violencia,UNIVERSIDAD,segunda
2024-03-20,Robo de vehículo sin violencia,UNIVERSIDAD,primera
2024-01-26,Robo a transeúnte en vía pública con violencia,UNIVERSIDAD,primera
2024-06-19,Robo a transeúnte en vía pública con violencia,UNIVERSIDAD,segunda
2024-02-17,Robo a pasajero a bordo de taxi con violencia,UNIVERSIDAD,primera
2024-05-10,Homicidio doloso,UNIVERSIDAD,segunda
2024-04-30,Robo a repartidor con y sin violencia,UNIVERSIDAD,segunda
2024-05-18,Robo de vehículo con violencia,UNIVERSIDAD,segunda
2024-01-14,Robo de vehículo sin violencia,UNIVERSIDAD,primera
2024-03-22,Robo de vehículo sin violencia,UNIVERSIDAD,primera
2024-04-19,Robo a transeúnte en vía pública con violencia,UNIVERSIDAD,segunda
2024-04-18,Robo a transeúnte en vía pública con violencia,UNIVERSIDAD,segunda
2024-02-18,Robo a transeúnte en vía pública con violencia,UNIVERSIDAD,primera
2024-01-01,Robo a transeúnte en vía pública con violencia,UNIVERSIDAD,primera
2024-01-05,Robo a transeúnte en vía pública con violencia,UNIVERSIDAD,primera
2024-06-14,Robo a transeúnte en vía pública con violencia,UNIVERSIDAD,segunda
2024-06-23,Robo a transeúnte en vía pública con violencia,UNIVERSIDAD,segunda
2024-05-23,Homicidio doloso,UNIVERSIDAD,segunda
2024-02-20,Homicidio doloso,UNIVERSIDAD,primera
2024-03-16,Homicidio doloso,UNIVERSIDAD,primera
2024-02-11,Robo de vehículo sin violencia,UNIVERSIDAD,primera
2024-02-09,Robo de vehículo sin violencia,UNIVERSIDAD,primera
2024-02-14,Robo de vehículo sin violencia,UNIVERSIDAD,primera
2024-02-06,Robo a transeúnte en vía pública con violencia,UNIVERSIDAD,primera
2024-03-25,Robo de vehículo sin violencia,UNIVERSIDAD,primera
2024-04-18,Robo a transeúnte en vía pública con violencia,UNIVERSIDAD,segunda
2024-04-11,Robo a transeúnte en vía pública con violencia,UNIVERSIDAD,segunda
2024-03-16,Robo a transeúnte en vía pública con violencia,UNIVERSIDAD,primera
2024-04-20,Robo de vehículo sin violencia,UNIVERSIDAD,segunda
2024-02-04,Robo a negocio con violencia,UNIVERSIDAD,primera
2024-02-04,Robo de vehículo sin violencia,XOTEPINGO,primera
2024-06-03,Robo de vehículo sin violencia,XOTEPINGO,segunda
2024-05-04,Robo a transeúnte en vía pública con violencia,XOTEPINGO,segunda
2024-03-06,Robo de vehículo sin violencia,XOTEPINGO,primera
2024-03-11,Robo de vehículo con violencia,XOTEPINGO,primera
2024-05-18,Robo de vehículo sin violencia,XOTEPINGO,segunda
2024-01-13,Robo de vehículo sin violencia,XOTEPINGO,primera
2024-03-14,Robo de vehículo sin violencia,XOTEPINGO,primera
2024-03-06,Robo a transeúnte en vía pública con violencia,XOTEPINGO,primera
2024-06-19,Robo a negocio con violencia,XOTEPINGO,segunda
2024-04-02,Robo a negocio con violencia,XOTEPINGO,segunda
2024-04-18,Robo a negocio con violencia,XOTEPINGO,segunda
2024-06-25,Robo a transeúnte en vía pública con violencia,XOTEPINGO,segunda
2024-04-30,Robo de vehículo sin violencia,XOTEPINGO,segunda
2024-03-17,Robo de vehículo sin violencia,XOTEPINGO,primera
2024-03-29,Robo de vehículo sin violencia,XOTEPINGO,primera
2024-04-09,Robo de vehículo sin violencia,XOTEPINGO,segunda
2024-02-24,Robo de vehículo con violencia,XOTEPINGO,primera
2024-01-02,Robo a transeúnte en vía pública con violencia,XOTEPINGO,primera
2024-05-14,Robo a casa habitación con violencia,XOTEPINGO,segunda
2024-06-21,Robo a negocio con violencia,XOTEPINGO,segunda
2024-04-30,Robo a negocio con violencia,XOTEPINGO,segunda
2024-02-09,Robo a negocio con violencia,XOTEPINGO,primera
2024-02-15,Robo a repartidor con y sin violencia,XOTEPINGO,primera
2024-05-16,Robo a repartidor con y sin violencia,XOTEPINGO,segunda
2024-05-11,Robo a negocio con violencia,XOTEPINGO,segunda
2024-06-28,Robo de vehículo sin violencia,XOTEPINGO,segunda
2024-06-10,Robo de vehículo con violencia,XOTEPINGO,segunda
2024-05-05,Robo de vehículo sin violencia,XOTEPINGO,segunda
2024-06-26,Robo de vehículo sin violencia,XOTEPINGO,segunda
2024-01-09,Robo a transeúnte en vía pública con violencia,XOTEPINGO,primera
2024-01-02,Robo de vehículo sin violencia,XOTEPINGO,primera
2024-04-18,Robo a transeúnte en vía pública con violencia,XOTEPINGO,segunda
2024-03-19,Robo a transeúnte en vía pública con violencia,XOTEPINGO,primera
2024-03-08,Robo de vehículo con violencia,XOTEPINGO,primera
2024-05-22,Robo a pasajero a bordo de microbús con y sin violencia,XOTEPINGO,segunda
2024-03-16,Robo a transeúnte en vía pública con violencia,XOTEPINGO,primera
2024-04-26,Robo a transeúnte en vía pública con violencia,XOTEPINGO,segunda
2024-04-22,Robo a negocio con violencia,XOTEPINGO,segunda
2024-06-02,Homicidio doloso,XOTEPINGO,segunda
2024-06-28,Robo a negocio con violencia,XOTEPINGO,segunda
2024-02-14,Robo a negocio con violencia,XOTEPINGO,primera
2024-06-10,Robo a negocio con violencia,XOTEPINGO,segunda
2024-03-23,Robo de vehículo con violencia,XOTEPINGO,primera
2024-03-21,Robo de vehículo sin violencia,XOTEPINGO,primera
2024-06-28,Robo de vehículo sin violencia,XOTEPINGO,segunda
2024-06-18,Robo de vehículo sin violencia,XOTEPINGO,segunda
2024-05-09,Robo de vehículo sin violencia,XOTEPINGO,segunda
2024-01-17,Robo de vehículo con violencia,XOTEPINGO,primera
2024-01-26,Robo a negocio con violencia,XOTEPINGO,primera
2024-06-18,Robo de vehículo con violencia,XOTEPINGO,segunda
2024-05-27,Robo a transeúnte en vía pública con violencia,XOTEPINGO,segunda
2024-05-14,Robo a transeúnte en vía pública con violencia,XOTEPINGO,segunda
2024-01-20,Robo a transeúnte en vía pública con violencia,XOTEPINGO,primera
2024-01-17,Robo a transeúnte en vía pública con violencia,XOTEPINGO,primera
2024-02-16,Robo a transeúnte en vía pública con violencia,XOTEPINGO,primera
2024-04-11,Robo de vehículo sin violencia,XOTEPINGO,segunda
2024-03-15,Robo de vehículo sin violencia,XOTEPINGO,primera
2024-04-30,Robo a negocio con violencia,XOTEPINGO,segunda
2024-03-23,Homicidio doloso,XOTEPINGO,primera
2024-01-20,Robo a negocio con violencia,XOTEPINGO,primera
2024-01-08,Robo a negocio con violencia,XOTEPINGO,primera
2024-04-17,Robo a transeúnte en vía pública con violencia,XOTEPINGO,segunda
2024-03-10,Robo a transeúnte en vía pública con violencia,XOTEPINGO,primera
2024-04-19,Robo de vehículo sin violencia,XOTEPINGO,segunda
2024-02-08,Robo a transeúnte en vía pública con violencia,XOTEPINGO,primera
2024-06-20,Robo de vehículo con violencia,XOTEPINGO,segunda
2024-05-23,Robo a transeúnte en vía pública con violencia,XOTEPINGO,segunda
2024-04-05,Robo a transeúnte en vía pública con violencia,XOTEPINGO,segunda
2024-04-16,Robo de vehículo con violencia,XOTEPINGO,segunda
2024-01-16,Robo a transeúnte en vía pública con violencia,XOTEPINGO,primera
2024-01-13,Robo a transeúnte en vía pública con violencia,XOTEPINGO,primera
2024-03-26,Robo de vehículo sin violencia,XOTEPINGO,primera
2024-05-28,Robo a transeúnte en vía pública con violencia,XOTEPINGO,segunda
2024-05-30,Robo a transeúnte en vía pública con violencia,XOTEPINGO,segunda
2024-06-04,Robo a transeúnte en vía pública con violencia,XOTEPINGO,segunda
2024-05-12,Robo a transeúnte en vía pública con violencia,XOTEPINGO,segunda
2024-02-15,Robo a transeúnte en vía pública con violencia,XOTEPINGO,primera
2024-02-09,Robo a transeúnte en vía pública con violencia,XOTEPINGO,primera
2024-03-28,Robo a transeúnte en vía pública con violencia,XOTEPINGO,primera
2024-06-26,Robo a negocio con violencia,XOTEPINGO,segunda
2024-05-31,Robo a pasajero a bordo de taxi con violencia,XOTEPINGO,segunda
2024-05-01,Robo de vehículo sin violencia,XOTEPINGO,segunda
2024-04-26,Robo de vehículo sin violencia,XOTEPINGO,segunda
2024-05-23,Robo a transeúnte en vía pública con violencia,XOTEPINGO,segunda
2024-01-25,Robo a transeúnte en vía pública con violencia,XOTEPINGO,primera
2024-03-24,Robo de vehículo sin violencia,XOTEPINGO,primera
2024-03-14,Robo de vehículo sin violencia,XOTEPINGO,primera
2024-03-06,Robo de vehículo sin violencia,XOTEPINGO,primera
2024-01-20,Robo a negocio con violencia,XOTEPINGO,primera
2024-05-28,Robo a negocio con violencia,XOTEPINGO,segunda
2024-05-14,Robo de vehículo sin violencia,XOTEPINGO,segunda
2024-02-06,Robo de vehículo con violencia,XOTEPINGO,primera
2024-06-09,Robo a transeúnte en vía pública con violencia,XOTEPINGO,segunda
2024-02-01,Robo a negocio con violencia,XOTEPINGO,primera
2024-04-14,Robo de vehículo sin violencia,XOTEPINGO,segunda
2024-02-05,Robo a transeúnte en vía pública con violencia,XOTEPINGO,primera
2024-04-06,Robo de vehículo sin violencia,XOTEPINGO,segunda
2024-06-29,Robo de vehículo sin violencia,XOTEPINGO,segunda
2024-03-26,Robo de vehículo sin violencia,XOTEPINGO,primera
2024-01-31,Robo de vehículo sin violencia,XOTEPINGO,primera
2024-06-05,Robo a transeúnte en vía pública con violencia,XOTEPINGO,segunda
2024-05-26,Robo de vehículo sin violencia,XOTEPINGO,segunda
2024-02-05,Robo a transeúnte en vía pública con violencia,XOTEPINGO,primera
2024-03-10,Robo de vehículo sin violencia,XOTEPINGO,primera
2024-01-26,Robo a transeúnte en vía pública con violencia,XOTEPINGO,primera
2024-01-25,Robo a transeúnte en vía pública con violencia,XOTEPINGO,primera
2024-01-30,Robo de vehículo sin violencia,XOTEPINGO,primera
2024-05-24,Robo a casa habitación con violencia,XOTEPINGO,segunda
2024-04-02,Robo de vehículo sin violencia,XOTEPINGO,segunda
2024-02-21,Robo de vehículo sin violencia,XOTEPINGO,primera
2024-02-14,Robo a negocio con violencia,XOTEPINGO,primera
2024-01-04,Robo a negocio con violencia,XOTEPINGO,primera
2024-04-18,Robo a negocio con violencia,XOTEPINGO,segunda
2024-01-03,Robo de vehículo sin violencia,XOTEPINGO,primera
2024-02-28,Robo a transeúnte en vía pública con violencia,XOTEPINGO,primera
2024-02-17,Robo de vehículo sin violencia,XOTEPINGO,primera
2024-03-15,Robo a transeúnte en vía pública con violencia,XOTEPINGO,primera
2024-06-03,Robo a transeúnte en vía pública con violencia,XOTEPINGO,segunda
2024-05-27,Robo a transeúnte en vía pública con violencia,XOTEPINGO,segunda
2024-06-22,Robo de vehículo sin violencia,XOTEPINGO,segunda
2024-05-21,Robo a transeúnte en vía pública con violencia,XOTEPINGO,segunda
2024-03-22,Robo de vehículo sin violencia,XOTEPINGO,primera
2024-03-21,Robo a transeúnte en vía pública con violencia,XOTEPINGO,primera
2024-02-29,Robo de vehículo con violencia,XOTEPINGO,primera
2024-02-21,Robo de vehículo sin violencia,XOTEPINGO,primera
2024-03-14,Robo a transeúnte en vía pública con violencia,XOTEPINGO,primera
2024-05-15,Robo de vehículo sin violencia,XOTEPINGO,segunda
2024-03-06,Robo a transeúnte en vía pública con violencia,XOTEPINGO,primera
2024-05-09,Robo de vehículo sin violencia,XOTEPINGO,segunda
2024-01-27,Robo de vehículo sin violencia,XOTEPINGO,primera
2024-01-29,Robo a transeúnte en vía pública con violencia,XOTEPINGO,primera
2024-04-23,Robo de vehículo sin violencia,XOTEPINGO,segunda
2024-05-16,Robo a pasajero a bordo de microbús con y sin violencia,XOTEPINGO,segunda
2024-02-14,Robo a negocio con violencia,XOTEPINGO,primera
2024-03-25,Robo a repartidor con y sin violencia,XOTEPINGO,primera
2024-01-04,Robo a negocio con violencia,XOTEPINGO,primera
2024-03-11,Robo a pasajero a bordo de taxi con violencia,XOTEPINGO,primera
2024-06-23,Homicidio doloso,XOTEPINGO,segunda
2024-03-06,Robo a negocio con violencia,XOTEPINGO,primera
2024-02-27,Robo de vehículo sin violencia,XOTEPINGO,primera
2024-01-10,Robo a transeúnte en vía pública con violencia,XOTEPINGO,primera
2024-04-16,Robo de vehículo sin violencia,XOTEPINGO,segunda
2024-04-08,Robo de vehículo sin violencia,XOTEPINGO,segunda
2024-03-03,Robo de vehículo sin violencia,XOTEPINGO,primera
2024-02-13,Robo a transeúnte en vía pública con violencia,XOTEPINGO,primera
2024-02-06,Robo a transeúnte en vía pública con violencia,XOTEPINGO,primera
2024-04-17,Robo de vehículo con violencia,XOTEPINGO,segunda
2024-04-29,Robo a transeúnte en vía pública con violencia,XOTEPINGO,segunda
2024-04-23,Robo de vehículo sin violencia,XOTEPINGO,segunda
2024-04-29,Robo a transeúnte en vía pública con violencia,XOTEPINGO,segunda
2024-01-19,Robo a transeúnte en vía pública con violencia,XOTEPINGO,primera
2024-05-23,Robo de vehículo sin violencia,XOTEPINGO,segunda
2024-06-11,Robo de vehículo con violencia,XOTEPINGO,segunda
2024-05-19,Robo a transeúnte en vía pública con violencia,XOTEPINGO,segunda
2024-05-10,Robo de vehículo con violencia,XOTEPINGO,segunda
2024-03-02,Robo a transeúnte en vía pública con violencia,XOTEPINGO,primera
2024-04-03,Robo de vehículo con violencia,XOTEPINGO,segunda
2024-02-29,Robo a transeúnte en vía pública con violencia,XOTEPINGO,primera
2024-03-15,Robo de vehículo sin violencia,XOTEPINGO,primera
2024-05-05,Robo a negocio con violencia,XOTEPINGO,segunda
2024-01-24,Robo a negocio con violencia,XOTEPINGO,primera
2024-04-30,Robo a repartidor con y sin violencia,XOTEPINGO,segunda
2024-05-01,Robo a pasajero a bordo de microbús con y sin violencia,XOTEPINGO,segunda
2024-05-19,Homicidio doloso,XOTEPINGO,segunda
2024-06-04,Robo de vehículo sin violencia,COYOACAN,segunda
2024-06-12,Robo de vehículo sin violencia,COYOACAN,segunda
2024-05-15,Robo a negocio con violencia,COYOACAN,segunda
2024-04-08,Robo a cuentahabiente saliendo del cajero con violencia,DINAMO,segunda
2024-05-23,Robo de vehículo sin violencia,DINAMO,segunda
2024-06-20,Robo de vehículo sin violencia,DINAMO,segunda
2024-06-11,Robo de vehículo sin violencia,DINAMO,segunda
2024-02-08,Robo de vehículo sin violencia,DINAMO,primera
2024-01-06,Robo de vehículo sin violencia,DINAMO,primera
2024-01-12,Robo a transeúnte en vía pública con violencia,DINAMO,primera
2024-06-24,Robo a negocio con violencia,DINAMO,segunda
2024-02-03,Robo a transeúnte en vía pública con violencia,DINAMO,primera
2024-01-08,Robo a negocio con violencia,DINAMO,primera
2024-03-20,Robo a transeúnte en vía pública con violencia,DINAMO,primera
2024-02-14,Robo a transeúnte en vía pública con violencia,DINAMO,primera
2024-05-30,Robo a casa habitación con violencia,DINAMO,segunda
2024-04-19,Robo a transeúnte en vía pública con violencia,DINAMO,segunda
2024-03-28,Lesiones dolosas por disparo de arma de fuego,DINAMO,primera
2024-01-17,Homicidio doloso,DINAMO,primera
2024-05-30,Robo de vehículo sin violencia,DINAMO,segunda
2024-06-15,Robo de vehículo sin violencia,DINAMO,segunda
2024-05-08,Robo de vehículo sin violencia,DINAMO,segunda
2024-02-04,Robo de vehículo sin violencia,DINAMO,primera
2024-04-01,Robo de vehículo sin violencia,DINAMO,segunda
2024-03-08,Robo de vehículo sin violencia,DINAMO,primera
2024-01-09,Robo a transeúnte en vía pública con violencia,DINAMO,primera
2024-04-20,Robo de vehículo con violencia,DINAMO,segunda
2024-06-11,Robo a transeúnte en vía pública con violencia,DINAMO,segunda
2024-01-28,Homicidio doloso,DINAMO,primera
2024-03-25,Lesiones dolosas por disparo de arma de fuego,DINAMO,primera
2024-04-17,Robo a negocio con violencia,DINAMO,segunda
2024-03-15,Robo de vehículo sin violencia,DINAMO,primera
2024-06-20,Robo de vehículo sin violencia,DINAMO,segunda
2024-01-27,Robo de vehículo sin violencia,DINAMO,primera
2024-02-04,Robo de vehículo con violencia,DINAMO,primera
2024-05-06,Robo de vehículo sin violencia,DINAMO,segunda
2024-01-31,Robo de vehículo sin violencia,DINAMO,primera
2024-02-16,Robo de vehículo sin violencia,DINAMO,primera
2024-02-08,Robo de vehículo sin violencia,DINAMO,primera
2024-03-27,Robo a transeúnte en vía pública con violencia,DINAMO,primera
2024-02-18,Robo de vehículo con violencia,DINAMO,primera
2024-05-02,Robo de vehículo con violencia,DINAMO,segunda
2024-04-06,Robo de vehículo sin violencia,DINAMO,segunda
2024-03-02,Robo de vehículo sin violencia,DINAMO,primera
2024-05-05,Lesiones dolosas por disparo de arma de fuego,DINAMO,segunda
2024-01-28,Robo de vehículo sin violencia,DINAMO,primera
2024-02-25,Robo a transeúnte en vía pública con violencia,DINAMO,primera
2024-06-10,Robo a transeúnte en vía pública con violencia,DINAMO,segunda
2024-03-26,Robo a transeúnte en vía pública con violencia,SAN JERONIMO,primera
2024-04-18,Robo de vehículo sin violencia,SAN JERONIMO,segunda
2024-04-10,Robo a transeúnte en vía pública con violencia,SAN JERONIMO,segunda
2024-05-31,Robo de vehículo sin violencia,SAN JERONIMO,segunda
2024-05-31,Robo a transeúnte en vía pública con violencia,SAN JERONIMO,segunda
2024-06-07,Robo de vehículo sin violencia,SAN JERONIMO,segunda
2024-01-17,Robo a transeúnte en vía pública con violencia,SAN JERONIMO,primera
2024-06-27,Robo a casa habitación con violencia,DINAMO,segunda
2024-01-17,Robo de vehículo sin violencia,SAN JERONIMO,primera
2024-01-25,Robo a negocio con violencia,DINAMO,primera
2024-02-06,Robo a casa habitación con violencia,DINAMO,primera
2024-01-03,Robo a negocio con violencia,DINAMO,primera
2024-01-05,Robo de vehículo sin violencia,SAN JERONIMO,primera
2024-02-22,Robo de vehículo sin violencia,SAN JERONIMO,primera
2024-05-20,Lesiones dolosas por disparo de arma de fuego,DINAMO,segunda
2024-06-21,Lesiones dolosas por disparo de arma de fuego,DINAMO,segunda
2024-01-15,Robo de vehículo sin violencia,DINAMO,primera
2024-04-02,Robo de vehículo sin violencia,DINAMO,segunda
2024-02-08,Robo de vehículo sin violencia,DINAMO,primera
2024-05-29,Robo de vehículo sin violencia,DINAMO,segunda
2024-06-07,Robo a casa habitación con violencia,DINAMO,segunda
2024-02-13,Robo a transeúnte en vía pública con violencia,DINAMO,primera
2024-04-30,Robo a repartidor con y sin violencia,DINAMO,segunda
2024-05-13,Robo a pasajero a bordo de microbús con y sin violencia,DINAMO,segunda
2024-03-30,Homicidio doloso,DINAMO,primera
2024-01-24,Robo de vehículo con violencia,SAN JERONIMO,primera
2024-06-15,Robo a transeúnte en vía pública con violencia,SAN JERONIMO,segunda
2024-06-21,Robo de vehículo sin violencia,SAN JERONIMO,segunda
2024-02-04,Robo a transeúnte en vía pública con violencia,SAN JERONIMO,primera
2024-05-06,Robo a transeúnte en vía pública con violencia,SAN JERONIMO,segunda
2024-05-17,Robo a transeúnte en vía pública con violencia,SAN JERONIMO,segunda
2024-01-05,Robo de vehículo sin violencia,SAN JERONIMO,primera
2024-01-15,Robo a pasajero a bordo de taxi con violencia,SAN JERONIMO,primera
2024-03-26,Lesiones dolosas por disparo de arma de fuego,SAN JERONIMO,primera
2024-03-12,Robo a transeúnte en vía pública con violencia,SAN JERONIMO,primera
2024-01-25,Robo de vehículo sin violencia,SAN JERONIMO,primera
2024-03-13,Robo de vehículo sin violencia,SAN JERONIMO,primera
2024-01-30,Robo a casa habitación con violencia,SAN JERONIMO,primera
2024-01-14,Lesiones dolosas por disparo de arma de fuego,SAN JERONIMO,primera
2024-06-27,Robo a negocio con violencia,CULHUACAN,segunda
2024-05-28,Robo a transeúnte en vía pública con violencia,CULHUACAN,segunda
2024-06-11,Robo de vehículo sin violencia,CULHUACAN,segunda
2024-01-22,Robo a transeúnte en vía pública con violencia,CULHUACAN,primera
2024-06-20,Robo a casa habitación con violencia,CULHUACAN,segunda
2024-01-30,Robo a transeúnte en vía pública con violencia,CULHUACAN,primera
2024-05-23,Robo de vehículo sin violencia,CULHUACAN,segunda
2024-05-19,Robo a pasajero a bordo de microbús con y sin violencia,SAN JERONIMO,segunda
2024-05-30,Robo a transeúnte en vía pública con violencia,SAN JERONIMO,segunda
2024-05-10,Robo de vehículo sin violencia,SAN JERONIMO,segunda
2024-04-11,Robo de vehículo sin violencia,SAN JERONIMO,segunda
2024-05-18,Homicidio doloso,SAN JERONIMO,segunda
2024-04-24,Robo de vehículo sin violencia,SAN JERONIMO,segunda
2024-05-21,Robo a transeúnte en vía pública con violencia,SAN JERONIMO,segunda
2024-04-16,Robo a transeúnte en vía pública con violencia,SAN JERONIMO,segunda
2024-02-11,Homicidio doloso,SAN JERONIMO,primera
2024-03-28,Robo a repartidor con y sin violencia,SAN JERONIMO,primera
2024-01-29,Robo a repartidor con y sin violencia,SAN JERONIMO,primera
2024-02-13,Robo a negocio con violencia,SAN JERONIMO,primera
2024-06-28,Robo de vehículo sin violencia,SAN JERONIMO,segunda
2024-01-11,Robo de vehículo sin violencia,SAN JERONIMO,primera
2024-04-09,Robo de vehículo sin violencia,SAN JERONIMO,segunda
2024-04-26,Robo de vehículo sin violencia,COAPA,segunda
2024-04-02,Robo a transeúnte en vía pública con violencia,COAPA,segunda
2024-01-31,Robo de vehículo sin violencia,COAPA,primera
2024-03-30,Robo de vehículo sin violencia,COAPA,primera
2024-02-06,Robo a transeúnte en vía pública con violencia,SAN JERONIMO,primera
2024-02-29,Robo de vehículo sin violencia,COAPA,primera
2024-02-13,Robo de vehículo sin violencia,COAPA,primera
2024-04-23,Robo de vehículo sin violencia,SAN JERONIMO,segunda
2024-01-15,Robo de vehículo con violencia,SAN JERONIMO,primera
2024-06-28,Robo de vehículo sin violencia,SAN JERONIMO,segunda
2024-02-15,Robo a transeúnte en vía pública con violencia,SAN JERONIMO,primera
2024-02-02,Robo de vehículo con violencia,SAN JERONIMO,primera
2024-04-09,Robo a transeúnte en vía pública con violencia,SAN JERONIMO,segunda
2024-05-01,Robo a negocio con violencia,COAPA,segunda
2024-06-21,Robo de vehículo sin violencia,COAPA,segunda
2024-06-30,Robo de vehículo sin violencia,COAPA,segunda
2024-01-06,Robo de vehículo sin violencia,COAPA,primera
2024-03-29,Robo de vehículo sin violencia,COAPA,primera
2024-02-28,Robo a transeúnte en vía pública con violencia,COAPA,primera
2024-01-26,Robo de vehículo sin violencia,COAPA,primera
2024-06-20,Robo a negocio con violencia,SAN JERONIMO,segunda
2024-02-15,Robo a transeúnte en vía pública con violencia,COAPA,primera
2024-04-06,Homicidio doloso,SAN JERONIMO,segunda
2024-04-29,Lesiones dolosas por disparo de arma de fuego,SAN JERONIMO,segunda
2024-03-04,Homicidio doloso,SAN JERONIMO,primera
2024-01-19,Robo a negocio con violencia,COAPA,primera
2024-01-10,Robo de vehículo sin violencia,SAN JERONIMO,primera
2024-01-06,Robo de vehículo sin violencia,SAN JERONIMO,primera
2024-01-06,Robo de vehículo con violencia,SAN JERONIMO,primera
2024-05-10,Robo de vehículo sin violencia,SAN JERONIMO,segunda
2024-06-24,Robo de vehículo sin violencia,COAPA,segunda
2024-05-19,Homicidio doloso,SAN JERONIMO,segunda
2024-06-07,Robo de vehículo sin violencia,COAPA,segunda
2024-02-24,Robo a negocio con violencia,SAN JERONIMO,primera
2024-05-06,Robo de vehículo sin violencia,SAN JERONIMO,segunda
2024-02-27,Robo a transeúnte en vía pública con violencia,COAPA,primera
2024-03-27,Robo de vehículo sin violencia,COAPA,primera
2024-06-04,Robo de vehículo sin violencia,SAN JERONIMO,segunda
2024-03-11,Robo a transeúnte en vía pública con violencia,SAN JERONIMO,primera
2024-05-25,Robo de vehículo sin violencia,SAN JERONIMO,segunda
2024-02-07,Robo de vehículo sin violencia,SAN JERONIMO,primera
2024-05-16,Robo de vehículo sin violencia,COAPA,segunda
2024-02-06,Robo de vehículo sin violencia,SAN JERONIMO,primera
2024-03-31,Robo de vehículo sin violencia,SAN JERONIMO,primera
2024-03-06,Homicidio doloso,COAPA,primera
2024-06-17,Robo de vehículo sin violencia,SAN JERONIMO,segunda
2024-03-19,Homicidio doloso,SAN JERONIMO,primera
2024-05-15,Robo de vehículo sin violencia,SAN JERONIMO,segunda
2024-04-25,Robo de vehículo sin violencia,SAN JERONIMO,segunda
2024-04-01,Robo de vehículo sin violencia,SAN JERONIMO,segunda
2024-04-21,Robo de vehículo sin violencia,COAPA,segunda
2024-01-25,Robo de vehículo sin violencia,COAPA,primera
2024-06-24,Robo de vehículo sin violencia,COAPA,segunda
2024-03-19,Robo de vehículo sin violencia,COAPA,primera
2024-01-26,Robo de vehículo sin violencia,COAPA,primera
2024-05-07,Robo de vehículo sin violencia,COAPA,segunda
2024-04-05,Robo de vehículo sin violencia,COAPA,segunda
2024-02-16,Robo a transeúnte en vía pública con violencia,COAPA,primera
2024-04-02,Robo de vehículo sin violencia,COAPA,segunda
2024-06-11,Robo de vehículo sin violencia,COAPA,segunda
2024-06-25,Robo de vehículo sin violencia,COAPA,segunda
2024-04-30,Robo de vehículo sin violencia,COAPA,segunda
2024-01-28,Robo de vehículo sin violencia,COAPA,primera
2024-02-02,Robo de vehículo sin violencia,COAPA,primera
2024-06-04,Robo de vehículo sin violencia,COAPA,segunda
2024-03-27,Robo de vehículo sin violencia,COAPA,primera
2024-04-04,Robo a transeúnte en vía pública con violencia,COAPA,segunda
2024-03-02,Robo de vehículo sin violencia,COAPA,primera
2024-04-15,Robo de vehículo con violencia,SAN JERONIMO,segunda
2024-01-26,Robo de vehículo sin violencia,SAN JERONIMO,primera
2024-01-18,Robo a transeúnte en vía pública con violencia,SAN JERONIMO,primera
2024-02-15,Robo a transeúnte en vía pública con violencia,SAN JERONIMO,primera
2024-01-14,Robo a transeúnte en vía pública con violencia,SAN JERONIMO,primera
2024-04-17,Robo a transeúnte en vía pública con violencia,SAN JERONIMO,segunda
2024-04-14,Lesiones dolosas por disparo de arma de fuego,SAN JERONIMO,segunda
2024-03-19,Robo a repartidor con y sin violencia,SAN JERONIMO,primera
2024-03-22,Robo de vehículo con violencia,TAXQUEÑA,primera
2024-02-14,Robo de vehículo sin violencia,TAXQUEÑA,primera
2024-05-29,Robo de vehículo sin violencia,TAXQUEÑA,segunda
2024-06-27,Robo de vehículo sin violencia,TAXQUEÑA,segunda
2024-03-23,Robo a transeúnte en vía pública con violencia,TAXQUEÑA,primera
2024-06-14,Robo de vehículo sin violencia,TAXQUEÑA,segunda
2024-05-20,Robo a pasajero a bordo de taxi con violencia,TAXQUEÑA,segunda
2024-05-20,Robo a transeúnte en vía pública con violencia,TAXQUEÑA,segunda
2024-06-26,Robo a transeúnte en vía pública con violencia,TAXQUEÑA,segunda
2024-01-08,Robo de vehículo sin violencia,COAPA,primera
2024-02-02,Robo a cuentahabiente saliendo del cajero con violencia,COAPA,primera
2024-05-20,Robo de vehículo sin violencia,COAPA,segunda
2024-01-27,Robo a transeúnte en vía pública con violencia,COAPA,primera
2024-04-24,Robo a pasajero a bordo de microbús con y sin violencia,COAPA,segunda
2024-04-03,Robo de vehículo sin violencia,COAPA,segunda
2024-06-03,Robo de vehículo sin violencia,COAPA,segunda
2024-04-06,Robo a transeúnte en vía pública con violencia,COAPA,segunda
2024-02-10,Robo de vehículo sin violencia,COAPA,primera
2024-03-31,Robo a pasajero a bordo de taxi con violencia,COAPA,primera
2024-05-28,Robo de vehículo sin violencia,COAPA,segunda
2024-02-19,Robo de vehículo sin violencia,COAPA,primera
2024-02-10,Robo a transeúnte en vía pública con violencia,COAPA,primera
2024-05-14,Robo a pasajero a bordo de microbús con y sin violencia,COAPA,segunda
2024-03-23,Robo a repartidor con y sin violencia,COAPA,primera
2024-02-20,Robo a transeúnte en vía pública con violencia,COAPA,primera
2024-03-07,Robo de vehículo sin violencia,COAPA,primera
2024-03-14,Robo a transeúnte en vía pública con violencia,COAPA,primera
2024-04-18,Robo a transeúnte en vía pública con violencia,COAPA,segunda
2024-02-01,Robo de vehículo sin violencia,COAPA,primera
2024-06-10,Robo a transeúnte en vía pública con violencia,COAPA,segunda
2024-06-30,Robo de vehículo sin violencia,COAPA,segunda
2024-02-22,Robo de vehículo sin violencia,COAPA,primera
2024-01-28,Robo de vehículo sin violencia,COAPA,primera
2024-01-28,Robo a transeúnte en vía pública con violencia,COAPA,primera
2024-01-09,Robo de vehículo con violencia,COAPA,primera
2024-02-26,Robo a transeúnte en vía pública con violencia,COAPA,primera
2024-04-12,Robo de vehículo sin violencia,COAPA,segunda
2024-01-10,Robo de vehículo sin violencia,COAPA,primera
2024-06-22,Robo de vehículo sin violencia,COAPA,segunda
2024-05-22,Robo de vehículo sin violencia,COAPA,segunda
2024-06-09,Robo de vehículo sin violencia,COAPA,segunda
2024-01-11,Robo de vehículo sin violencia,COAPA,primera
2024-01-13,Robo de vehículo sin violencia,COAPA,primera
2024-02-18,Robo de vehículo sin violencia,COAPA,primera
2024-04-03,Robo de vehículo sin violencia,COAPA,segunda
2024-06-23,Robo a transeúnte en vía pública con violencia,COAPA,segunda
2024-05-23,Robo a transeúnte en vía pública con violencia,COAPA,segunda
2024-04-10,Robo a transeúnte en vía pública con violencia,COAPA,segunda
2024-06-08,Robo de vehículo sin violencia,COAPA,segunda
2024-02-15,Robo de vehículo sin violencia,COAPA,primera
2024-03-31,Robo a transeúnte en vía pública con violencia,COAPA,primera
2024-06-10,Robo de vehículo sin violencia,COAPA,segunda
2024-01-03,Robo a transeúnte en vía pública con violencia,COAPA,primera
2024-03-09,Robo de vehículo sin violencia,COAPA,primera
2024-06-04,Robo de vehículo con violencia,COAPA,segunda
2024-06-27,Robo de vehículo sin violencia,COAPA,segunda
2024-03-30,Robo a pasajero a bordo de microbús con y sin violencia,COAPA,primera
2024-04-10,Robo a transeúnte en vía pública con violencia,COAPA,segunda
2024-03-04,Robo de vehículo sin violencia,COAPA,primera
2024-04-26,Robo de vehículo con violencia,COAPA,segunda
2024-04-22,Robo de vehículo sin violencia,COAPA,segunda
2024-05-11,Robo a transeúnte en vía pública con violencia,COAPA,segunda
2024-01-17,Robo a repartidor con y sin violencia,COAPA,primera
2024-06-27,Robo de vehículo sin violencia,FUENTE,segunda
2024-06-20,Robo de vehículo sin violencia,FUENTE,segunda
2024-05-18,Robo de vehículo sin violencia,FUENTE,segunda
2024-03-04,Robo a casa habitación con violencia,FUENTE,primera
2024-01-19,Robo de vehículo sin violencia,FUENTE,primera
2024-02-06,Robo a transeúnte en vía pública con violencia,FUENTE,primera
2024-03-12,Robo de vehículo sin violencia,FUENTE,primera
2024-05-16,Robo de vehículo sin violencia,FUENTE,segunda
2024-05-31,Robo de vehículo sin violencia,FUENTE,segunda
2024-01-09,Robo a transeúnte en vía pública con violencia,FUENTE,primera
2024-06-02,Robo a repartidor con y sin violencia,FUENTE,segunda
2024-01-30,Robo a pasajero a bordo de microbús con y sin violencia,FUENTE,primera
2024-06-25,Robo a transeúnte en vía pública con violencia,FUENTE,segunda
2024-03-13,Robo a transeúnte en vía pública con violencia,FUENTE,primera
2024-06-14,Robo de vehículo sin violencia,FUENTE,segunda
2024-04-30,Robo a transeúnte en vía pública con violencia,FUENTE,segunda
2024-01-30,Robo a transeúnte en vía pública con violencia,FUENTE,primera
2024-02-29,Robo de vehículo con violencia,FUENTE,primera
2024-02-22,Robo a transeúnte en vía pública con violencia,FUENTE,primera
2024-04-09,Robo de vehículo con violencia,FUENTE,segunda
2024-02-28,Robo a transeúnte en vía pública con violencia,FUENTE,primera
2024-05-16,Robo de vehículo con violencia,FUENTE,segunda
2024-01-24,Robo de vehículo sin violencia,FUENTE,primera
2024-05-30,Robo de vehículo sin violencia,FUENTE,segunda
2024-06-20,Robo a transeúnte en vía pública con violencia,FUENTE,segunda
2024-05-01,Robo de vehículo sin violencia,FUENTE,segunda
2024-01-30,Robo de vehículo sin violencia,FUENTE,primera
2024-01-31,Robo a transeúnte en vía pública con violencia,FUENTE,primera
2024-01-31,Robo a transeúnte en vía pública con violencia,FUENTE,primera
2024-02-29,Robo a transeúnte en vía pública con violencia,FUENTE,primera
2024-02-08,Robo a negocio con violencia,FUENTE,primera
2024-02-06,Robo a negocio con violencia,FUENTE,primera
2024-01-12,Robo a negocio con violencia,FUENTE,primera
2024-01-05,Robo a negocio con violencia,FUENTE,primera
2024-03-24,Robo a pasajero a bordo de microbús con y sin violencia,FUENTE,primera
2024-02-22,Robo a negocio con violencia,FUENTE,primera
2024-03-11,Robo a pasajero a bordo de taxi con violencia,FUENTE,primera
2024-04-27,Robo a negocio con violencia,DINAMO,segunda
2024-06-04,Robo a negocio con violencia,DINAMO,segunda
2024-05-07,Homicidio doloso,FUENTE,segunda
2024-04-20,Lesiones dolosas por disparo de arma de fuego,FUENTE,segunda
2024-01-16,Robo a repartidor con y sin violencia,SAN JERONIMO,primera
2024-01-20,Lesiones dolosas por disparo de arma de fuego,SAN JERONIMO,primera
2024-01-08,Robo a transeúnte en vía pública con violencia,SAN JERONIMO,primera
2024-06-18,Robo de vehículo con violencia,SAN JERONIMO,segunda
2024-05-11,Robo de vehículo sin violencia,SAN JERONIMO,segunda
2024-05-13,Lesiones dolosas por disparo de arma de fuego,FUENTE,segunda
2024-03-20,Homicidio doloso,FUENTE,primera
2024-04-15,Robo a transeúnte en vía pública con violencia,FUENTE,segunda
2024-03-25,Robo de vehículo sin violencia,FUENTE,primera
2024-02-29,Robo a transeúnte en vía pública con violencia,FUENTE,primera
2024-03-19,Robo de vehículo sin violencia,FUENTE,primera
2024-05-29,Robo a transeúnte en vía pública con violencia,FUENTE,segunda
2024-03-21,Robo a negocio con violencia,FUENTE,primera
2024-05-01,Robo de vehículo sin violencia,FUENTE,segunda
2024-01-30,Robo a repartidor con y sin violencia,SAN JERONIMO,primera
2024-05-31,Robo de vehículo sin violencia,COAPA,segunda
2024-05-24,Robo de vehículo sin violencia,COAPA,segunda
2024-04-25,Robo de vehículo sin violencia,COAPA,segunda
2024-02-14,Robo a transeúnte en vía pública con violencia,COAPA,primera
2024-03-21,Robo de vehículo sin violencia,COAPA,primera
2024-05-12,Robo de vehículo sin violencia,COAPA,segunda
2024-04-22,Robo a transeúnte en vía pública con violencia,COAPA,segunda
2024-01-25,Robo a pasajero a bordo de taxi con violencia,SAN JERONIMO,primera
2024-03-25,Robo de vehículo sin violencia,FUENTE,primera
2024-02-08,Robo de vehículo sin violencia,FUENTE,primera
2024-04-18,Robo de vehículo sin violencia,FUENTE,segunda
2024-04-10,Robo de vehículo sin violencia,FUENTE,segunda
2024-03-17,Robo de vehículo sin violencia,FUENTE,primera
2024-05-03,Robo a transeúnte en vía pública con violencia,FUENTE,segunda
2024-03-06,Robo de vehículo con violencia,FUENTE,primera
2024-04-11,Robo a transeúnte en vía pública con violencia,FUENTE,segunda
2024-01-25,Robo a transeúnte en vía pública con violencia,FUENTE,primera
2024-04-17,Robo a transeúnte en vía pública con violencia,FUENTE,segunda
2024-06-26,Robo a transeúnte en vía pública con violencia,FUENTE,segunda
2024-01-30,Robo a transeúnte en vía pública con violencia,FUENTE,primera
2024-02-14,Robo a negocio con violencia,FUENTE,primera
2024-06-08,Robo a negocio con violencia,FUENTE,segunda
2024-02-22,Robo a negocio con violencia,FUENTE,primera
2024-05-12,Robo a negocio con violencia,FUENTE,segunda
2024-06-22,Robo a negocio con violencia,FUENTE,segunda
2024-01-08,Robo a negocio con violencia,FUENTE,primera
2024-06-25,Robo a repartidor con y sin violencia,FUENTE,segunda
2024-05-28,Robo a negocio con violencia,FUENTE,segunda
2024-02-10,Robo a negocio con violencia,FUENTE,primera
2024-02-08,Robo a negocio con violencia,FUENTE,primera
2024-03-16,Robo a repartidor con y sin violencia,FUENTE,primera
2024-05-16,Robo a transeúnte en vía pública con violencia,HUIPULCO-HOSPITALES,segunda
2024-03-11,Robo de vehículo sin violencia,HUIPULCO-HOSPITALES,primera
2024-03-19,Robo a negocio con violencia,FUENTE,primera
2024-01-26,Robo a transeúnte en vía pública con violencia,FUENTE,primera
2024-04-14,Robo a transeúnte en vía pública con violencia,FUENTE,segunda
2024-01-03,Robo de vehículo sin violencia,FUENTE,primera
2024-03-15,Robo a transeúnte en vía pública con violencia,FUENTE,primera
2024-04-16,Robo a transeúnte en vía pública con violencia,FUENTE,segunda
2024-01-22,Robo de vehículo con violencia,FUENTE,primera
2024-02-21,Robo de vehículo sin violencia,FUENTE,primera
2024-01-29,Robo a transeúnte en vía pública con violencia,FUENTE,primera
2024-01-24,Robo de vehículo con violencia,HUIPULCO-HOSPITALES,primera
2024-06-28,Robo de vehículo sin violencia,HUIPULCO-HOSPITALES,segunda
2024-02-10,Robo a transeúnte en vía pública con violencia,FUENTE,primera
2024-06-09,Robo de vehículo sin violencia,HUIPULCO-HOSPITALES,segunda
2024-02-13,Secuestro,FUENTE,primera
2024-06-10,Lesiones dolosas por disparo de arma de fuego,FUENTE,segunda
2024-05-12,Homicidio doloso,FUENTE,segunda
2024-04-13,Robo a repartidor con y sin violencia,FUENTE,segunda
2024-06-14,Robo a negocio con violencia,FUENTE,segunda
2024-06-25,Robo a repartidor con y sin violencia,FUENTE,segunda
2024-04-15,Robo a repartidor con y sin violencia,FUENTE,segunda
2024-02-18,Robo a casa habitación con violencia,FUENTE,primera
2024-03-23,Robo a casa habitación con violencia,FUENTE,primera
2024-02-11,Robo de vehículo con violencia,FUENTE,primera
2024-03-25,Robo de vehículo sin violencia,FUENTE,primera
2024-02-06,Robo de vehículo sin violencia,FUENTE,primera
2024-01-30,Homicidio doloso,FUENTE,primera
2024-01-29,Robo a transeúnte en vía pública con violencia,FUENTE,primera
2024-05-22,Lesiones dolosas por disparo de arma de fuego,HUIPULCO-HOSPITALES,segunda
2024-02-28,Robo de vehículo sin violencia,HUIPULCO-HOSPITALES,primera
2024-02-26,Robo de vehículo sin violencia,HUIPULCO-HOSPITALES,primera
2024-05-22,Robo de vehículo con violencia,HUIPULCO-HOSPITALES,segunda
2024-04-04,Robo de vehículo sin violencia,HUIPULCO-HOSPITALES,segunda
2024-02-22,Robo de vehículo con violencia,HUIPULCO-HOSPITALES,primera
2024-04-27,Lesiones dolosas por disparo de arma de fuego,HUIPULCO-HOSPITALES,segunda
2024-01-24,Robo a negocio con violencia,HUIPULCO-HOSPITALES,primera
2024-01-29,Robo a repartidor con y sin violencia,HUIPULCO-HOSPITALES,primera
2024-03-27,Robo de vehículo sin violencia,HUIPULCO-HOSPITALES,primera
2024-02-22,Robo a transeúnte en vía pública con violencia,HUIPULCO-HOSPITALES,primera
2024-05-23,Robo de vehículo sin violencia,HUIPULCO-HOSPITALES,segunda
2024-01-14,Robo de vehículo sin violencia,HUIPULCO-HOSPITALES,primera
2024-06-14,Robo a negocio con violencia,HUIPULCO-HOSPITALES,segunda
2024-03-17,Robo a transeúnte en vía pública con violencia,HUIPULCO-HOSPITALES,primera
2024-05-22,Robo a transeúnte en vía pública con violencia,HUIPULCO-HOSPITALES,segunda
2024-02-08,Robo a transeúnte en vía pública con violencia,HUIPULCO-HOSPITALES,primera
2024-03-24,Robo de vehículo sin violencia,HUIPULCO-HOSPITALES,primera
2024-05-11,Robo a transeúnte en vía pública con violencia,HUIPULCO-HOSPITALES,segunda
2024-01-15,Robo de vehículo sin violencia,HUIPULCO-HOSPITALES,primera
2024-01-26,Robo de vehículo con violencia,HUIPULCO-HOSPITALES,primera
2024-02-07,Robo a transeúnte en vía pública con violencia,HUIPULCO-HOSPITALES,primera
2024-06-10,Robo a transeúnte en vía pública con violencia,HUIPULCO-HOSPITALES,segunda
2024-04-11,Robo a transeúnte en vía pública con violencia,FUENTE,segunda
2024-01-31,Robo a transeúnte en vía pública con violencia,FUENTE,primera
2024-06-26,Robo de vehículo sin violencia,FUENTE,segunda
2024-06-16,Robo de vehículo sin violencia,FUENTE,segunda
2024-04-30,Robo de vehículo sin violencia,FUENTE,segunda
2024-05-12,Robo de vehículo con violencia,FUENTE,segunda
2024-06-25,Robo a negocio con violencia,HUIPULCO-HOSPITALES,segunda
2024-03-26,Robo a negocio con violencia,HUIPULCO-HOSPITALES,primera
2024-04-03,Robo a pasajero a bordo de taxi con violencia,HUIPULCO-HOSPITALES,segunda
2024-05-17,Homicidio doloso,HUIPULCO-HOSPITALES,segunda
2024-03-31,Lesiones dolosas por disparo de arma de fuego,HUIPULCO-HOSPITALES,primera
2024-04-03,Robo a negocio con violencia,HUIPULCO-HOSPITALES,segunda
2024-05-06,Robo de vehículo con violencia,HUIPULCO-HOSPITALES,segunda
2024-02-15,Robo de vehículo con violencia,HUIPULCO-HOSPITALES,primera
2024-04-04,Robo de vehículo con violencia,HUIPULCO-HOSPITALES,segunda
2024-02-09,Homicidio doloso,HUIPULCO-HOSPITALES,primera
2024-02-26,Robo a negocio con violencia,HUIPULCO-HOSPITALES,primera
2024-05-28,Robo a negocio con violencia,HUIPULCO-HOSPITALES,segunda
2024-03-18,Homicidio doloso,HUIPULCO-HOSPITALES,primera
2024-04-08,Robo de vehículo sin violencia,HUIPULCO-HOSPITALES,segunda
2024-01-06,Robo a transeúnte en vía pública con violencia,HUIPULCO-HOSPITALES,primera
2024-01-05,Robo de vehículo sin violencia,HUIPULCO-HOSPITALES,primera
2024-01-13,Robo de vehículo sin violencia,HUIPULCO-HOSPITALES,primera
2024-02-26,Robo de vehículo con violencia,HUIPULCO-HOSPITALES,primera
2024-06-15,Robo de vehículo sin violencia,HUIPULCO-HOSPITALES,segunda
2024-01-19,Robo a negocio con violencia,HUIPULCO-HOSPITALES,primera
2024-02-26,Robo a pasajero a bordo de microbús con y sin violencia,HUIPULCO-HOSPITALES,primera
2024-01-13,Robo a negocio con violencia,HUIPULCO-HOSPITALES,primera
2024-06-26,Robo de vehículo sin violencia,HUIPULCO-HOSPITALES,segunda
2024-05-17,Robo de vehículo con violencia,HUIPULCO-HOSPITALES,segunda
2024-03-15,Robo de vehículo sin violencia,HUIPULCO-HOSPITALES,primera
2024-03-24,Robo a transeúnte en vía pública con violencia,HUIPULCO-HOSPITALES,primera
2024-03-20,Robo de vehículo sin violencia,HUIPULCO-HOSPITALES,primera
2024-01-13,Robo a negocio con violencia,HUIPULCO-HOSPITALES,primera
2024-05-12,Robo de vehículo con violencia,HUIPULCO-HOSPITALES,segunda
2024-06-10,Robo de vehículo sin violencia,HUIPULCO-HOSPITALES,segunda
2024-01-17,Robo a transeúnte en vía pública con violencia,HUIPULCO-HOSPITALES,primera
2024-04-02,Robo de vehículo sin violencia,HUIPULCO-HOSPITALES,segunda
2024-06-10,Robo a pasajero a bordo de microbús con y sin violencia,HUIPULCO-HOSPITALES,segunda
2024-02-08,Robo de vehículo sin violencia,HUIPULCO-HOSPITALES,primera
2024-06-23,Robo de vehículo sin violencia,HUIPULCO-HOSPITALES,segunda
2024-05-08,Robo de vehículo sin violencia,HUIPULCO-HOSPITALES,segunda
2024-01-26,Robo de vehículo sin violencia,HUIPULCO-HOSPITALES,primera
2024-06-22,Robo a negocio con violencia,HUIPULCO-HOSPITALES,segunda
2024-03-08,Robo a negocio con violencia,HUIPULCO-HOSPITALES,primera
2024-06-20,Robo de vehículo sin violencia,HUIPULCO-HOSPITALES,segunda
2024-06-13,Robo de vehículo sin violencia,HUIPULCO-HOSPITALES,segunda
2024-01-31,Robo a transeúnte en vía pública con violencia,HUIPULCO-HOSPITALES,primera
2024-01-24,Robo a transeúnte en vía pública con violencia,HUIPULCO-HOSPITALES,primera
2024-03-23,Robo de vehículo sin violencia,HUIPULCO-HOSPITALES,primera
2024-04-12,Robo de vehículo sin violencia,HUIPULCO-HOSPITALES,segunda
2024-02-23,Robo a transeúnte en vía pública con violencia,HUIPULCO-HOSPITALES,primera
2024-02-17,Robo de vehículo sin violencia,HUIPULCO-HOSPITALES,primera
2024-04-14,Robo a negocio con violencia,HUIPULCO-HOSPITALES,segunda
2024-04-11,Robo a negocio con violencia,HUIPULCO-HOSPITALES,segunda
2024-05-28,Robo a negocio con violencia,HUIPULCO-HOSPITALES,segunda
2024-01-12,Robo a transeúnte en vía pública con violencia,HUIPULCO-HOSPITALES,primera
2024-05-01,Robo a transeúnte en vía pública con violencia,FUENTE,segunda
2024-05-01,Robo a transeúnte en vía pública con violencia,FUENTE,segunda
2024-01-17,Robo a transeúnte en vía pública con violencia,FUENTE,primera
2024-03-17,Robo de vehículo con violencia,FUENTE,primera
2024-03-10,Robo a transeúnte en vía pública con violencia,FUENTE,primera
2024-06-21,Robo a transeúnte en vía pública con violencia,HUIPULCO-HOSPITALES,segunda
2024-05-13,Robo de vehículo sin violencia,HUIPULCO-HOSPITALES,segunda
2024-02-29,Robo a transeúnte en vía pública con violencia,HUIPULCO-HOSPITALES,primera
2024-01-04,Robo a transeúnte en vía pública con violencia,HUIPULCO-HOSPITALES,primera
2024-05-13,Robo a transeúnte en vía pública con violencia,HUIPULCO-HOSPITALES,segunda
2024-06-28,Robo de vehículo con violencia,HUIPULCO-HOSPITALES,segunda
2024-06-26,Robo de vehículo sin violencia,HUIPULCO-HOSPITALES,segunda
2024-01-26,Robo de vehículo sin violencia,HUIPULCO-HOSPITALES,primera
2024-02-12,Robo de vehículo sin violencia,HUIPULCO-HOSPITALES,primera
2024-01-30,Robo a negocio con violencia,HUIPULCO-HOSPITALES,primera
2024-04-25,Robo de vehículo sin violencia,HUIPULCO-HOSPITALES,segunda
2024-05-30,Robo de vehículo sin violencia,HUIPULCO-HOSPITALES,segunda
2024-02-07,Robo de vehículo sin violencia,HUIPULCO-HOSPITALES,primera
2024-03-20,Robo de vehículo sin violencia,HUIPULCO-HOSPITALES,primera
2024-06-06,Robo de vehículo sin violencia,HUIPULCO-HOSPITALES,segunda
2024-02-17,Robo de vehículo con violencia,HUIPULCO-HOSPITALES,primera
2024-02-04,Homicidio doloso,HUIPULCO-HOSPITALES,primera
2024-01-22,Robo a transeúnte en vía pública con violencia,PADIERNA,primera
2024-02-17,Robo a negocio con violencia,HUIPULCO-HOSPITALES,primera
2024-01-19,Robo de vehículo sin violencia,PADIERNA,primera
2024-01-17,Robo a casa habitación con violencia,HUIPULCO-HOSPITALES,primera
2024-01-29,Robo a pasajero a bordo de microbús con y sin violencia,HUIPULCO-HOSPITALES,primera
2024-02-17,Robo a negocio con violencia,HUIPULCO-HOSPITALES,primera
2024-04-24,Robo de vehículo sin violencia,PADIERNA,segunda
2024-05-17,Robo de vehículo sin violencia,PADIERNA,segunda
2024-01-10,Robo de vehículo sin violencia,PADIERNA,primera
2024-06-02,Robo de vehículo con violencia,PADIERNA,segunda
2024-02-05,Robo a transeúnte en vía pública con violencia,PADIERNA,primera
2024-04-06,Robo de vehículo sin violencia,PADIERNA,segunda
2024-03-08,Robo de vehículo sin violencia,PADIERNA,primera
2024-04-20,Homicidio doloso,PADIERNA,segunda
2024-04-03,Robo a negocio con violencia,PADIERNA,segunda
2024-03-09,Robo de vehículo sin violencia,PADIERNA,primera
2024-05-05,Robo a transeúnte en vía pública con violencia,PADIERNA,segunda
2024-04-29,Robo de vehículo sin violencia,PADIERNA,segunda
2024-01-20,Robo de vehículo sin violencia,PADIERNA,primera
2024-02-04,Robo a transeúnte en vía pública con violencia,PADIERNA,primera
2024-01-09,Robo a transeúnte en vía pública con violencia,PADIERNA,primera
2024-06-24,Robo a transeúnte en vía pública con violencia,PADIERNA,segunda
2024-06-12,Robo de vehículo con violencia,PADIERNA,segunda
2024-01-29,Robo de vehículo sin violencia,PADIERNA,primera
2024-01-28,Robo a casa habitación con violencia,PADIERNA,primera
2024-01-26,Robo a negocio con violencia,PADIERNA,primera
2024-01-25,Robo de vehículo con violencia,PADIERNA,primera
2024-06-18,Robo de vehículo sin violencia,PADIERNA,segunda
2024-06-15,Robo de vehículo sin violencia,PADIERNA,segunda
2024-05-10,Robo de vehículo sin violencia,PADIERNA,segunda
2024-01-28,Robo de vehículo sin violencia,PADIERNA,primera
2024-01-28,Robo de vehículo sin violencia,PADIERNA,primera
2024-04-03,Robo de vehículo sin violencia,PADIERNA,segunda
2024-04-07,Robo de vehículo sin violencia,PADIERNA,segunda
2024-04-09,Robo de vehículo sin violencia,PADIERNA,segunda
2024-03-05,Robo a transeúnte en vía pública con violencia,PADIERNA,primera
2024-05-03,Robo de vehículo sin violencia,PADIERNA,segunda
2024-02-27,Robo de vehículo con violencia,PADIERNA,primera
2024-02-23,Robo de vehículo sin violencia,PADIERNA,primera
2024-06-10,Robo de vehículo sin violencia,PADIERNA,segunda
2024-01-24,Robo de vehículo sin violencia,PADIERNA,primera
2024-01-21,Robo de vehículo sin violencia,PADIERNA,primera
2024-03-21,Robo de vehículo sin violencia,PADIERNA,primera
2024-03-25,Robo de vehículo sin violencia,PADIERNA,primera
2024-03-01,Robo de vehículo sin violencia,PADIERNA,primera
2024-02-16,Robo a negocio con violencia,PADIERNA,primera
2024-06-02,Robo a negocio con violencia,PADIERNA,segunda
2024-03-30,Robo a negocio con violencia,PADIERNA,primera
2024-04-29,Robo a transeúnte en vía pública con violencia,PADIERNA,segunda
2024-05-18,Robo a transeúnte en vía pública con violencia,PADIERNA,segunda
2024-01-20,Robo a transeúnte en vía pública con violencia,PADIERNA,primera
2024-06-26,Robo de vehículo sin violencia,PADIERNA,segunda
2024-06-17,Robo a transeúnte en vía pública con violencia,PADIERNA,segunda
2024-01-03,Robo a transeúnte en vía pública con violencia,PADIERNA,primera
2024-04-04,Robo a transeúnte en vía pública con violencia,PADIERNA,segunda
2024-05-20,Robo de vehículo sin violencia,PADIERNA,segunda
2024-05-30,Robo de vehículo con violencia,PADIERNA,segunda
2024-06-01,Robo a transeúnte en vía pública con violencia,PADIERNA,segunda
2024-04-21,Robo de vehículo con violencia,PADIERNA,segunda
2024-05-08,Robo a transeúnte en vía pública con violencia,PADIERNA,segunda
2024-05-13,Robo de vehículo sin violencia,PADIERNA,segunda
2024-03-21,Robo de vehículo con violencia,PADIERNA,primera
2024-04-08,Robo a transeúnte en vía pública con violencia,PADIERNA,segunda
2024-04-05,Robo a transeúnte en vía pública con violencia,PADIERNA,segunda
2024-05-31,Robo a negocio con violencia,PADIERNA,segunda
2024-02-19,Robo de vehículo sin violencia,PADIERNA,primera
2024-03-10,Robo a transeúnte en vía pública con violencia,PADIERNA,primera
2024-04-15,Robo a repartidor con y sin violencia,PADIERNA,segunda
2024-04-19,Robo de vehículo con violencia,PADIERNA,segunda
2024-04-07,Robo de vehículo sin violencia,PADIERNA,segunda
2024-04-28,Lesiones dolosas por disparo de arma de fuego,PADIERNA,segunda
2024-05-10,Robo a casa habitación con violencia,PADIERNA,segunda
2024-01-26,Robo a repartidor con y sin violencia,PADIERNA,primera
2024-01-17,Robo a negocio con violencia,PADIERNA,primera
2024-01-18,Robo a casa habitación con violencia,PADIERNA,primera
2024-02-27,Robo a negocio con violencia,PADIERNA,primera
2024-03-13,Robo a repartidor con y sin violencia,PADIERNA,primera
2024-03-23,Robo a casa habitación con violencia,PADIERNA,primera
2024-05-16,Robo a negocio con violencia,PADIERNA,segunda
2024-02-02,Robo a negocio con violencia,PADIERNA,primera
2024-02-19,Robo a negocio con violencia,PADIERNA,primera
2024-04-10,Robo a negocio con violencia,PADIERNA,segunda
2024-05-29,Robo a negocio con violencia,PADIERNA,segunda
2024-06-02,Homicidio doloso,PADIERNA,segunda
2024-05-14,Robo de vehículo sin violencia,PADIERNA,segunda
2024-02-01,Robo de vehículo sin violencia,PADIERNA,primera
2024-06-06,Robo a transeúnte en vía pública con violencia,PADIERNA,segunda
2024-05-01,Robo de vehículo con violencia,PADIERNA,segunda
2024-05-30,Robo a transeúnte en vía pública con violencia,PADIERNA,segunda
2024-01-11,Robo de vehículo sin violencia,PADIERNA,primera
2024-01-13,Robo de vehículo sin violencia,PADIERNA,primera
2024-04-04,Robo de vehículo sin violencia,PADIERNA,segunda
2024-02-13,Robo de vehículo sin violencia,PADIERNA,primera
2024-05-25,Robo de vehículo con violencia,PADIERNA,segunda
2024-06-03,Robo de vehículo sin violencia,PADIERNA,segunda
2024-06-05,Robo de vehículo sin violencia,PADIERNA,segunda
2024-04-28,Robo de vehículo sin violencia,PADIERNA,segunda
2024-02-04,Robo a transeúnte en vía pública con violencia,PADIERNA,primera
2024-02-03,Robo de vehículo sin violencia,PADIERNA,primera
2024-04-08,Robo de vehículo sin violencia,PADIERNA,segunda
2024-05-21,Robo a repartidor con y sin violencia,PADIERNA,segunda
2024-01-03,Robo de vehículo sin violencia,PADIERNA,primera
2024-04-03,Robo de vehículo con violencia,PADIERNA,segunda
2024-04-04,Robo de vehículo sin violencia,PADIERNA,segunda
2024-03-05,Robo de vehículo sin violencia,PADIERNA,primera
2024-05-06,Robo a transeúnte en vía pública con violencia,PADIERNA,segunda
2024-01-23,Robo de vehículo con violencia,PADIERNA,primera
2024-05-10,Robo a transeúnte en vía pública con violencia,PADIERNA,segunda
2024-02-05,Robo de vehículo sin violencia,PADIERNA,primera
2024-03-28,Robo de vehículo sin violencia,PADIERNA,primera
2024-02-23,Robo de vehículo con violencia,PADIERNA,primera
2024-03-18,Robo de vehículo sin violencia,PADIERNA,primera
2024-03-12,Robo de vehículo sin violencia,PADIERNA,primera
2024-04-06,Lesiones dolosas por disparo de arma de fuego,PADIERNA,segunda
2024-01-24,Robo a negocio con violencia,PADIERNA,primera
2024-03-27,Robo de vehículo sin violencia,PADIERNA,primera
2024-02-12,Robo de vehículo sin violencia,PADIERNA,primera
2024-05-30,Robo a transeúnte en vía pública con violencia,PADIERNA,segunda
2024-05-17,Robo de vehículo sin violencia,PADIERNA,segunda
2024-06-19,Robo de vehículo sin violencia,PADIERNA,segunda
2024-05-15,Robo a transeúnte en vía pública con violencia,PADIERNA,segunda
2024-06-10,Robo de vehículo sin violencia,PADIERNA,segunda
2024-05-09,Robo a negocio con violencia,PADIERNA,segunda
2024-03-22,Robo a transeúnte en vía pública con violencia,PADIERNA,primera
2024-05-31,Robo a repartidor con y sin violencia,PADIERNA,segunda
2024-06-07,Robo a transeúnte en vía pública con violencia,PADIERNA,segunda
2024-01-29,Robo a transeúnte en vía pública con violencia,PADIERNA,primera
2024-01-30,Robo de vehículo sin violencia,PADIERNA,primera
2024-05-20,Homicidio doloso,PADIERNA,segunda
2024-05-07,Lesiones dolosas por disparo de arma de fuego,PADIERNA,segunda
2024-06-10,Robo de vehículo sin violencia,PADIERNA,segunda
2024-02-28,Robo a transeúnte en vía pública con violencia,PADIERNA,primera
2024-04-29,Robo a transeúnte en vía pública con violencia,PADIERNA,segunda
2024-05-09,Robo de vehículo sin violencia,PADIERNA,segunda
2024-01-01,Robo de vehículo sin violencia,PADIERNA,primera
2024-01-15,Robo a transeúnte en vía pública con violencia,PADIERNA,primera
2024-03-15,Robo de vehículo con violencia,PADIERNA,primera
2024-05-31,Robo a transeúnte en vía pública con violencia,PADIERNA,segunda
2024-05-03,Robo a transeúnte en vía pública con violencia,TOPILEJO,segunda
2024-05-18,Robo a transeúnte en vía pública con violencia,PADIERNA,segunda
2024-06-09,Robo de vehículo con violencia,PADIERNA,segunda
2024-04-03,Robo de vehículo sin violencia,PADIERNA,segunda
2024-06-24,Robo a transeúnte en vía pública con violencia,PADIERNA,segunda
2024-04-30,Robo de vehículo sin violencia,PADIERNA,segunda
2024-03-17,Robo de vehículo sin violencia,PADIERNA,primera
2024-03-28,Robo a negocio con violencia,TOPILEJO,primera
2024-05-06,Robo de vehículo sin violencia,PADIERNA,segunda
2024-04-12,Robo a repartidor con y sin violencia,PADIERNA,segunda
2024-03-26,Robo de vehículo sin violencia,TOPILEJO,primera
2024-06-08,Robo a negocio con violencia,PADIERNA,segunda
2024-06-21,Robo a negocio con violencia,PADIERNA,segunda
2024-01-16,Robo a negocio con violencia,PADIERNA,primera
2024-01-12,Homicidio doloso,PADIERNA,primera
2024-06-16,Robo de vehículo con violencia,TOPILEJO,segunda
2024-06-30,Robo a negocio con violencia,PADIERNA,segunda
2024-06-05,Robo a negocio con violencia,PADIERNA,segunda
2024-04-13,Robo a negocio con violencia,TOPILEJO,segunda
2024-04-05,Robo a transeúnte en vía pública con violencia,TOPILEJO,segunda
2024-06-09,Robo de vehículo con violencia,TOPILEJO,segunda
2024-01-03,Robo de vehículo sin violencia,TOPILEJO,primera
2024-04-16,Robo de vehículo con violencia,TOPILEJO,segunda
2024-03-03,Robo a transeúnte en vía pública con violencia,TOPILEJO,primera
2024-03-11,Robo de vehículo con violencia,TOPILEJO,primera
2024-06-26,Robo de vehículo con violencia,TOPILEJO,segunda
2024-01-02,Robo de vehículo con violencia,TOPILEJO,primera
2024-06-21,Robo a repartidor con y sin violencia,TOPILEJO,segunda
2024-02-01,Robo de vehículo sin violencia,TOPILEJO,primera
2024-05-25,Robo de vehículo con violencia,TOPILEJO,segunda
2024-03-19,Robo a transeúnte en vía pública con violencia,TOPILEJO,primera
2024-03-05,Robo de vehículo sin violencia,TOPILEJO,primera
2024-02-16,Robo a transeúnte en vía pública con violencia,TOPILEJO,primera
2024-06-02,Robo de vehículo sin violencia,TOPILEJO,segunda
2024-01-01,Robo a transeúnte en vía pública con violencia,TOPILEJO,primera
2024-03-26,Robo de vehículo sin violencia,TOPILEJO,primera
2024-03-03,Robo de vehículo con violencia,TOPILEJO,primera
2024-04-26,Robo de vehículo sin violencia,TOPILEJO,segunda
2024-01-16,Robo de vehículo con violencia,TOPILEJO,primera
2024-04-15,Robo a transeúnte en vía pública con violencia,TOPILEJO,segunda
2024-02-15,Robo a repartidor con y sin violencia,TOPILEJO,primera
2024-03-10,Homicidio doloso,TOPILEJO,primera
2024-05-05,Robo a casa habitación con violencia,TOPILEJO,segunda
2024-05-31,Robo de vehículo con violencia,TOPILEJO,segunda
2024-04-07,Robo de vehículo sin violencia,TOPILEJO,segunda
2024-03-02,Robo de vehículo sin violencia,TOPILEJO,primera
2024-05-19,Robo a transeúnte en vía pública con violencia,TOPILEJO,segunda
2024-03-25,Robo de vehículo sin violencia,TOPILEJO,primera
2024-04-21,Homicidio doloso,TOPILEJO,segunda
2024-04-26,Robo a negocio con violencia,TOPILEJO,segunda
2024-05-24,Robo de vehículo con violencia,TOPILEJO,segunda
2024-05-20,Robo a transeúnte en vía pública con violencia,TOPILEJO,segunda
2024-02-28,Robo a negocio con violencia,TOPILEJO,primera
2024-03-16,Robo a casa habitación con violencia,TOPILEJO,primera
2024-01-26,Robo a transeúnte en vía pública con violencia,TOPILEJO,primera
2024-01-30,Robo a transeúnte en vía pública con violencia,TOPILEJO,primera
2024-05-11,Robo de vehículo con violencia,TOPILEJO,segunda
2024-05-17,Homicidio doloso,TOPILEJO,segunda
2024-03-08,Robo a transportista con y sin violencia,TOPILEJO,primera
2024-05-16,Robo de vehículo con violencia,TOPILEJO,segunda
2024-02-26,Robo a negocio con violencia,TOPILEJO,primera
2024-06-18,Robo a repartidor con y sin violencia,TOPILEJO,segunda
2024-03-29,Robo a repartidor con y sin violencia,TOPILEJO,primera
2024-04-04,Robo a negocio con violencia,TOPILEJO,segunda
2024-01-03,Robo a repartidor con y sin violencia,TOPILEJO,primera
2024-01-04,Lesiones dolosas por disparo de arma de fuego,TOPILEJO,primera
2024-06-14,Robo de vehículo con violencia,TOPILEJO,segunda
2024-06-03,Robo a transeúnte en vía pública con violencia,TOPILEJO,segunda
2024-06-12,Robo a transeúnte en vía pública con violencia,TOPILEJO,segunda
2024-05-23,Robo de vehículo sin violencia,TOPILEJO,segunda
2024-05-14,Robo de vehículo con violencia,TOPILEJO,segunda
2024-04-13,Robo de vehículo sin violencia,TOPILEJO,segunda
2024-02-15,Robo a transeúnte en vía pública con violencia,TOPILEJO,primera
2024-06-22,Robo de vehículo con violencia,TOPILEJO,segunda
2024-06-06,Robo de vehículo con violencia,TOPILEJO,segunda
2024-06-12,Robo de vehículo con violencia,TOPILEJO,segunda
2024-01-03,Robo de vehículo sin violencia,TOPILEJO,primera
2024-04-11,Robo de vehículo con violencia,TOPILEJO,segunda
2024-02-02,Robo de vehículo con violencia,TOPILEJO,primera
2024-02-22,Robo de vehículo con violencia,TOPILEJO,primera
2024-06-12,Robo de vehículo con violencia,TOPILEJO,segunda
2024-06-26,Robo de vehículo sin violencia,TOPILEJO,segunda
2024-06-21,Robo de vehículo con violencia,TOPILEJO,segunda
2024-06-06,Robo de vehículo sin violencia,TOPILEJO,segunda
2024-05-29,Robo de vehículo sin violencia,TOPILEJO,segunda
2024-04-28,Robo de vehículo sin violencia,TOPILEJO,segunda
2024-02-06,Robo de vehículo con violencia,TOPILEJO,primera
2024-04-03,Robo de vehículo sin violencia,TOPILEJO,segunda
2024-03-11,Robo de vehículo con violencia,TOPILEJO,primera
2024-03-25,Robo de vehículo con violencia,TOPILEJO,primera
2024-06-13,Homicidio doloso,TOPILEJO,segunda
2024-04-05,Homicidio doloso,TOPILEJO,segunda
2024-05-08,Robo a negocio con violencia,TOPILEJO,segunda
2024-04-18,Homicidio doloso,TOPILEJO,segunda
2024-05-28,Homicidio doloso,TOPILEJO,segunda
2024-05-26,Homicidio doloso,TOPILEJO,segunda
2024-05-12,Robo a negocio con violencia,TOPILEJO,segunda
2024-04-13,Robo de vehículo con violencia,TOPILEJO,segunda
2024-02-24,Robo de vehículo con violencia,TOPILEJO,primera
2024-02-10,Robo a transeúnte en vía pública con violencia,TOPILEJO,primera
2024-05-10,Robo a transeúnte en vía pública con violencia,TOPILEJO,segunda
2024-04-25,Robo de vehículo con violencia,TOPILEJO,segunda
2024-03-05,Robo de vehículo sin violencia,TOPILEJO,primera
2024-04-05,Lesiones dolosas por disparo de arma de fuego,TOPILEJO,segunda
2024-01-10,Robo a casa habitación con violencia,TOPILEJO,primera
2024-05-23,Robo a casa habitación con violencia,TOPILEJO,segunda
2024-04-09,Robo de vehículo con violencia,TOPILEJO,segunda
2024-03-19,Robo a transeúnte en vía pública con violencia,TOPILEJO,primera
2024-01-12,Robo de vehículo con violencia,TOPILEJO,primera
2024-02-12,Robo a transeúnte en vía pública con violencia,TOPILEJO,primera
2024-05-29,Robo de vehículo sin violencia,TOPILEJO,segunda
2024-05-25,Robo a transeúnte en vía pública con violencia,TOPILEJO,segunda
2024-06-29,Robo a transeúnte en vía pública con violencia,TOPILEJO,segunda
2024-06-05,Robo a transeúnte en vía pública con violencia,TOPILEJO,segunda
2024-05-30,Robo a transeúnte en vía pública con violencia,TOPILEJO,segunda
2024-05-29,Robo de vehículo con violencia,TOPILEJO,segunda
2024-06-23,Robo a transeúnte en vía pública con violencia,TOPILEJO,segunda
2024-06-10,Robo de vehículo con violencia,TOPILEJO,segunda
2024-04-27,Robo a transeúnte en vía pública con violencia,TOPILEJO,segunda
2024-05-19,Robo de vehículo sin violencia,TOPILEJO,segunda
2024-05-21,Robo a transeúnte en vía pública con violencia,TOPILEJO,segunda
2024-05-09,Robo a transeúnte en vía pública con violencia,TOPILEJO,segunda
2024-05-10,Robo a transeúnte en vía pública con violencia,TOPILEJO,segunda
2024-05-31,Robo de vehículo con violencia,TOPILEJO,segunda
2024-06-01,Robo de vehículo con violencia,TOPILEJO,segunda
2024-01-01,Robo de vehículo con violencia,TOPILEJO,primera
2024-05-14,Robo de vehículo sin violencia,TOPILEJO,segunda
2024-01-18,Lesiones dolosas por disparo de arma de fuego,TOPILEJO,primera
2024-01-22,Robo a negocio con violencia,TOPILEJO,primera
2024-01-08,Homicidio doloso,TOPILEJO,primera
2024-05-07,Lesiones dolosas por disparo de arma de fuego,TOPILEJO,segunda
2024-06-10,Robo a casa habitación con violencia,TOPILEJO,segunda
2024-02-05,Lesiones dolosas por disparo de arma de fuego,TOPILEJO,primera
2024-04-11,Homicidio doloso,TOPILEJO,segunda
2024-01-28,Robo a pasajero a bordo de microbús con y sin violencia,TOPILEJO,primera
2024-01-31,Robo a negocio con violencia,TOPILEJO,primera
2024-05-29,Lesiones dolosas por disparo de arma de fuego,TOPILEJO,segunda
2024-02-01,Robo de vehículo sin violencia,TOPILEJO,primera
2024-01-19,Robo de vehículo sin violencia,TOPILEJO,primera
2024-01-21,Robo a transeúnte en vía pública con violencia,TOPILEJO,primera
2024-02-13,Robo de vehículo con violencia,TOPILEJO,primera
2024-03-20,Robo de vehículo con violencia,TOPILEJO,primera
2024-04-13,Robo a transeúnte en vía pública con violencia,TOPILEJO,segunda
2024-03-01,Robo de vehículo con violencia,TOPILEJO,primera
2024-02-20,Robo de vehículo sin violencia,TOPILEJO,primera
2024-02-18,Robo a transeúnte en vía pública con violencia,TOPILEJO,primera
2024-03-13,Robo de vehículo sin violencia,TOPILEJO,primera
2024-03-19,Robo a transeúnte en vía pública con violencia,TOPILEJO,primera
2024-06-15,Homicidio doloso,TOPILEJO,segunda
2024-05-14,Robo a negocio con violencia,TOPILEJO,segunda
2024-01-29,Robo a repartidor con y sin violencia,TOPILEJO,primera
2024-03-24,Homicidio doloso,TOPILEJO,primera
2024-06-26,Homicidio doloso,TOPILEJO,segunda
2024-02-10,Lesiones dolosas por disparo de arma de fuego,TOPILEJO,primera
2024-02-06,Homicidio doloso,TOPILEJO,primera
2024-06-29,Robo de vehículo con violencia,TOPILEJO,segunda
2024-03-01,Robo de vehículo sin violencia,HUIPULCO-HOSPITALES,primera
2024-02-27,Robo a transeúnte en vía pública con violencia,HUIPULCO-HOSPITALES,primera
2024-02-25,Homicidio doloso,HUIPULCO-HOSPITALES,primera
2024-03-23,Lesiones dolosas por disparo de arma de fuego,Sin Sector,primera
2024-01-20,Homicidio doloso,Sin Sector,primera
2024-03-07,Robo a pasajero a bordo de taxi con violencia,Sin Sector,primera
2024-05-17,Homicidio doloso,Sin Sector,segunda
2024-05-11,Lesiones dolosas por disparo de arma de fuego,Sin Sector,segunda
2024-05-11,Lesiones dolosas por disparo de arma de fuego,Sin Sector,segunda
2024-04-09,Lesiones dolosas por disparo de arma de fuego,Sin Sector,segunda
2024-06-22,Robo a pasajero a bordo de microbús con y sin violencia,Sin Sector,segunda
2024-02-13,Lesiones dolosas por disparo de arma de fuego,Sin Sector,primera
2024-02-14,Lesiones dolosas por disparo de arma de fuego,Sin Sector,primera
2024-02-14,Lesiones dolosas por disparo de arma de fuego,Sin Sector,primera
2024-03-18,Lesiones dolosas por disparo de arma de fuego,Sin Sector,primera
2024-03-11,Lesiones dolosas por disparo de arma de fuego,Sin Sector,primera
2024-02-27,Lesiones dolosas por disparo de arma de fuego,Sin Sector,primera
2024-05-05,Lesiones dolosas por disparo de arma de fuego,Sin Sector,segunda
2024-05-05,Lesiones dolosas por disparo de arma de fuego,Sin Sector,segunda
2024-05-04,Lesiones dolosas por disparo de arma de fuego,Sin Sector,segunda
2024-03-31,Robo a pasajero a bordo de taxi con violencia,Sin Sector,primera
2024-02-03,Robo a repartidor con y sin violencia,TOPILEJO,primera
2024-05-09,Homicidio doloso,Sin Sector,segunda
2024-05-31,Lesiones dolosas por disparo de arma de fuego,Sin Sector,segunda
2024-03-09,Homicidio doloso,Sin Sector,primera
2024-06-25,Lesiones dolosas por disparo de arma de fuego,Sin Sector,segunda
2024-03-24,Lesiones dolosas por disparo de arma de fuego,Sin Sector,primera
2024-03-18,Lesiones dolosas por disparo de arma de fuego,Sin Sector,primera
2024-05-08,Lesiones dolosas por disparo de arma de fuego,Sin Sector,segunda
2024-05-08,Lesiones dolosas por disparo de arma de fuego,Sin Sector,segunda
2024-06-16,Lesiones dolosas por disparo de arma de fuego,Sin Sector,segunda
2024-06-16,Lesiones dolosas por disparo de arma de fuego,Sin Sector,segunda
2024-01-20,Lesiones dolosas por disparo de arma de fuego,Sin Sector,primera
2024-01-22,Lesiones dolosas por disparo de arma de fuego,Sin Sector,primera
2024-01-22,Lesiones dolosas por disparo de arma de fuego,Sin Sector,primera
2024-02-15,Lesiones dolosas por disparo de arma de fuego,Sin Sector,primera
2024-02-15,Lesiones dolosas por disparo de arma de fuego,Sin Sector,primera
2024-03-14,Lesiones dolosas por disparo de arma de fuego,Sin Sector,primera
2024-03-11,Lesiones dolosas por disparo de arma de fuego,Sin Sector,primera
2024-04-03,Robo a pasajero a bordo de microbús con y sin violencia,Sin Sector,segunda
2024-04-08,Robo a pasajero a bordo de taxi con violencia,Sin Sector,segunda
2024-04-05,Robo a pasajero a bordo de taxi con violencia,Sin Sector,segunda
2024-04-06,Robo a pasajero a bordo de microbús con y sin violencia,Sin Sector,segunda
2024-03-27,Robo a pasajero a bordo de microbús con y sin violencia,Sin Sector,primera
2024-03-23,Lesiones dolosas por disparo de arma de fuego,Sin Sector,primera
2024-03-24,Lesiones dolosas por disparo de arma de fuego,Sin Sector,primera
2024-03-25,Robo a pasajero a bordo de taxi con violencia,Sin Sector,primera
2024-04-27,Robo a pasajero a bordo de taxi con violencia,Sin Sector,segunda
2024-04-28,Lesiones dolosas por disparo de arma de fuego,Sin Sector,segunda
2024-05-02,Robo a repartidor con y sin violencia,Sin Sector,segunda
2024-04-12,Robo a cuentahabiente saliendo del cajero con violencia,Sin Sector,segunda
2024-02-12,Lesiones dolosas por disparo de arma de fuego,Sin Sector,primera
2024-02-05,Lesiones dolosas por disparo de arma de fuego,Sin Sector,primera
2024-01-20,Lesiones dolosas por disparo de arma de fuego,Sin Sector,primera
2024-03-12,Robo a negocio con violencia,Sin Sector,primera
2024-03-23,Homicidio doloso,Sin Sector,primera
2024-04-28,Lesiones dolosas por disparo de arma de fuego,Sin Sector,segunda
2024-04-28,Lesiones dolosas por disparo de arma de fuego,Sin Sector,segunda
2024-04-28,Lesiones dolosas por disparo de arma de fuego,Sin Sector,segunda
2024-04-29,Lesiones dolosas por disparo de arma de fuego,Sin Sector,segunda
2024-04-29,Lesiones dolosas por disparo de arma de fuego,Sin Sector,segunda
2024-01-09,Robo a negocio con violencia,Sin Sector,primera
2024-01-05,Lesiones dolosas por disparo de arma de fuego,Sin Sector,primera
2024-01-06,Robo a repartidor con y sin violencia,Sin Sector,primera
2024-01-07,Robo a pasajero a bordo de microbús con y sin violencia,Sin Sector,primera
2024-01-11,Lesiones dolosas por disparo de arma de fuego,Sin Sector,primera
2024-01-15,Lesiones dolosas por disparo de arma de fuego,Sin Sector,primera
2024-01-15,Lesiones dolosas por disparo de arma de fuego,Sin Sector,primera
2024-02-23,Homicidio doloso,Sin Sector,primera
2024-03-20,Robo a pasajero a bordo de taxi con violencia,Sin Sector,primera
2024-03-15,Robo a pasajero a bordo de taxi con violencia,Sin Sector,primera
2024-03-28,Lesiones dolosas por disparo de arma de fuego,Sin Sector,primera
2024-04-20,Robo a pasajero a bordo de taxi con violencia,Sin Sector,segunda
2024-04-17,Robo a pasajero a bordo de microbús con y sin violencia,Sin Sector,segunda
2024-04-17,Robo a pasajero a bordo de taxi con violencia,Sin Sector,segunda
2024-02-04,Lesiones dolosas por disparo de arma de fuego,Sin Sector,primera
2024-02-11,Lesiones dolosas por disparo de arma de fuego,Sin Sector,primera
2024-02-11,Lesiones dolosas por disparo de arma de fuego,Sin Sector,primera
2024-02-20,Robo a negocio con violencia,Sin Sector,primera
2024-01-17,Robo a cuentahabiente saliendo del cajero con violencia,Sin Sector,primera
2024-01-10,Robo a pasajero a bordo de microbús con y sin violencia,Sin Sector,primera
2024-02-02,Robo a pasajero a bordo de microbús con y sin violencia,Sin Sector,primera
2024-03-06,Robo a negocio con violencia,Sin Sector,primera
2024-03-08,Robo a transportista con y sin violencia,Sin Sector,primera
2024-03-12,Robo a negocio con violencia,Sin Sector,primera
2024-03-14,Robo a pasajero a bordo de microbús con y sin violencia,Sin Sector,primera
2024-03-14,Robo a repartidor con y sin violencia,Sin Sector,primera
2024-03-12,Robo a repartidor con y sin violencia,Sin Sector,primera
2024-03-12,Robo a repartidor con y sin violencia,Sin Sector,primera
2024-03-02,Lesiones dolosas por disparo de arma de fuego,Sin Sector,primera
2024-03-02,Lesiones dolosas por disparo de arma de fuego,Sin Sector,primera
2024-01-02,Robo a repartidor con y sin violencia,Sin Sector,primera
2024-01-03,Robo a pasajero a bordo de taxi con violencia,Sin Sector,primera
2024-05-22,Robo a pasajero a bordo de microbús con y sin violencia,Sin Sector,segunda
2024-05-21,Robo a pasajero a bordo de microbús con y sin violencia,Sin Sector,segunda
2024-05-26,Lesiones dolosas por disparo de arma de fuego,Sin Sector,segunda
2024-05-11,Lesiones dolosas por disparo de arma de fuego,Sin Sector,segunda
2024-05-14,Robo a repartidor con y sin violencia,Sin Sector,segunda
2024-06-07,Lesiones dolosas por disparo de arma de fuego,Sin Sector,segunda
2024-06-10,Lesiones dolosas por disparo de arma de fuego,Sin Sector,segunda
2024-06-01,Lesiones dolosas por disparo de arma de fuego,Sin Sector,segunda
2024-05-19,Lesiones dolosas por disparo de arma de fuego,Sin Sector,segunda
2024-06-28,Robo a pasajero a bordo de microbús con y sin violencia,PANTITLAN,segunda
2024-05-28,Robo a pasajero a bordo de taxi con violencia,LA RAZA,segunda
2024-04-25,Robo a negocio con violencia,LA RAZA,segunda
2024-04-03,Lesiones dolosas por disparo de arma de fuego,CLAVERIA,segunda
2024-04-19,Robo a casa habitación con violencia,CLAVERIA,segunda
2024-04-17,Homicidio doloso,LA RAZA,segunda
2024-02-07,Robo a negocio con violencia,CUITLAHUAC,primera
2024-03-21,Robo a cuentahabiente saliendo del cajero con violencia,CLAVERIA,primera
2024-04-03,Robo a repartidor con y sin violencia,HORMIGA,segunda
2024-02-11,Homicidio doloso,LA RAZA,primera
